8 0.1611328125 0.6435546875 0.07421875 0.12890625
8 0.841796875 0.6064453125 0.193359375 0.23046875
8 0.716796875 0.4267578125 0.109375 0.2109375
8 0.6923828125 0.6630859375 0.078125 0.185546875
8 0.310546875 0.849609375 0.078125 0.171875
8 0.4130859375 0.791015625 0.09765625 0.19921875
8 0.564453125 0.4755859375 0.072265625 0.078125
8 0.5419921875 0.380859375 0.0859375 0.1796875
8 0.56640625 0.712890625 0.0703125 0.16796875
8 0.2314453125 0.8984375 0.099609375 0.203125
8 0.25 0.6572265625 0.068359375 0.0859375
8 0.4814453125 0.4638671875 0.072265625 0.08203125