6 0.35546875 0.2666015625 0.1171875 0.2890625
6 0.4208984375 0.6298828125 0.234375 0.3515625
6 0.52734375 0.2783203125 0.10546875 0.12109375
6 0.9345703125 0.1611328125 0.12109375 0.197265625
6 0.7041015625 0.560546875 0.177734375 0.34375
6 0.8828125 0.3779296875 0.232421875 0.2109375
6 0.744140625 0.2490234375 0.16015625 0.328125
6 0.48046875 0.4189453125 0.1953125 0.171875
6 0.6328125 0.4345703125 0.140625 0.2578125
6 0.8994140625 0.6474609375 0.201171875 0.33203125
6 0.3349609375 0.796875 0.208984375 0.40625
6 0.478515625 0.0859375 0.17578125 0.171875