8 0.6962890625 0.328125 0.09375 0.12109375
8 0.529296875 0.53125 0.044921875 0.13671875
8 0.4970703125 0.6962890625 0.080078125 0.14453125
8 0.7353515625 0.7744140625 0.060546875 0.072265625
8 0.71484375 0.1953125 0.03515625 0.0859375
8 0.5615234375 0.1953125 0.0546875 0.16796875
8 0.6103515625 0.25390625 0.037109375 0.125
8 0.6240234375 0.1611328125 0.05078125 0.109375
8 0.677734375 0.142578125 0.0546875 0.09765625
8 0.580078125 0.453125 0.07421875 0.140625
8 0.564453125 0.55859375 0.03515625 0.099609375
8 0.662109375 0.6640625 0.05078125 0.060546875
8 0.77734375 0.6826171875 0.03125 0.06640625
8 0.77734375 0.8349609375 0.04296875 0.07421875
8 0.73046875 0.8310546875 0.064453125 0.0625
8 0.7333984375 0.7099609375 0.05859375 0.072265625
8 0.7939453125 0.7431640625 0.0390625 0.115234375
8 0.701171875 0.4931640625 0.037109375 0.076171875
8 0.7724609375 0.4306640625 0.046875 0.109375
8 0.623046875 0.6337890625 0.052734375 0.12109375
8 0.576171875 0.6787109375 0.052734375 0.1171875
8 0.861328125 0.6533203125 0.048828125 0.05859375
8 0.7392578125 0.2275390625 0.041015625 0.05859375
8 0.5859375 0.6171875 0.029296875 0.064453125
8 0.25390625 0.6171875 0.0546875 0.16015625
8 0.2265625 0.44921875 0.09765625 0.12890625