8 0.337890625 0.1708984375 0.34765625 0.302734375
1 0.6337890625 0.560546875 0.236328125 0.173828125
1 0.330078125 0.76953125 0.171875 0.1875
1 0.7333984375 0.7158203125 0.123046875 0.14453125
8 0.3984375 0.2734375 0.1015625 0.10546875
8 0.3330078125 0.1337890625 0.052734375 0.0546875
8 0.66796875 0.2841796875 0.08203125 0.08203125
8 0.4599609375 0.138671875 0.0546875 0.078125
8 0.75 0.2861328125 0.078125 0.087890625
8 0.6279296875 0.216796875 0.052734375 0.05859375
8 0.7998046875 0.2265625 0.05859375 0.060546875
8 0.720703125 0.1904296875 0.05859375 0.056640625
8 0.75 0.21875 0.025390625 0.041015625
8 0.8232421875 0.3408203125 0.12109375 0.08984375
8 0.8349609375 0.2705078125 0.03515625 0.041015625
8 0.193359375 0.1572265625 0.0703125 0.06640625