8 0.1708984375 0.662109375 0.302734375 0.34765625
1 0.560546875 0.3662109375 0.173828125 0.236328125
1 0.76953125 0.669921875 0.1875 0.171875
1 0.7158203125 0.2666015625 0.14453125 0.123046875
8 0.2734375 0.6015625 0.10546875 0.1015625
8 0.1337890625 0.6669921875 0.0546875 0.052734375
8 0.2841796875 0.33203125 0.08203125 0.08203125
8 0.138671875 0.5400390625 0.078125 0.0546875
8 0.2861328125 0.25 0.087890625 0.078125
8 0.216796875 0.3720703125 0.05859375 0.052734375
8 0.2265625 0.2001953125 0.060546875 0.05859375
8 0.1904296875 0.279296875 0.056640625 0.05859375
8 0.21875 0.25 0.041015625 0.025390625
8 0.3408203125 0.1767578125 0.08984375 0.12109375
8 0.2705078125 0.1650390625 0.041015625 0.03515625
8 0.1572265625 0.806640625 0.06640625 0.0703125