8 0.302734375 0.7470703125 0.21875 0.162109375
8 0.208984375 0.6015625 0.22265625 0.12109375
8 0.2587890625 0.35546875 0.1875 0.11328125
8 0.17578125 0.4365234375 0.1484375 0.12109375
8 0.68359375 0.2001953125 0.21875 0.12109375
8 0.5986328125 0.322265625 0.24609375 0.15234375
8 0.6259765625 0.5419921875 0.162109375 0.126953125
8 0.599609375 0.41796875 0.10546875 0.10546875
8 0.740234375 0.724609375 0.42578125 0.203125
8 0.8896484375 0.3544921875 0.21875 0.123046875
8 0.32421875 0.541015625 0.18359375 0.087890625
8 0.4833984375 0.5341796875 0.09765625 0.08203125
8 0.4599609375 0.3037109375 0.08203125 0.07421875
8 0.5400390625 0.224609375 0.095703125 0.08984375