8 0.2529296875 0.302734375 0.162109375 0.21875
8 0.3984375 0.208984375 0.12109375 0.22265625
8 0.64453125 0.2587890625 0.11328125 0.1875
8 0.5634765625 0.17578125 0.12109375 0.1484375
8 0.7998046875 0.68359375 0.12109375 0.21875
8 0.677734375 0.5986328125 0.15234375 0.24609375
8 0.4580078125 0.6259765625 0.126953125 0.162109375
8 0.58203125 0.599609375 0.10546875 0.10546875
8 0.275390625 0.740234375 0.203125 0.42578125
8 0.6455078125 0.8896484375 0.123046875 0.21875
8 0.458984375 0.32421875 0.087890625 0.18359375
8 0.4658203125 0.4833984375 0.08203125 0.09765625
8 0.6962890625 0.4599609375 0.07421875 0.08203125
8 0.775390625 0.5400390625 0.08984375 0.095703125