6 0.3525390625 0.6201171875 0.123046875 0.13671875
6 0.16015625 0.7685546875 0.296875 0.23828125
6 0.8154296875 0.6767578125 0.3515625 0.21875
6 0.568359375 0.5009765625 0.16796875 0.09375
6 0.5712890625 0.5869140625 0.1171875 0.1171875
6 0.32421875 0.5361328125 0.150390625 0.09375
1 0.2255859375 0.37109375 0.248046875 0.228515625
1 0.5302734375 0.73046875 0.09765625 0.078125
1 0.4267578125 0.779296875 0.1015625 0.080078125
1 0.5654296875 0.8095703125 0.078125 0.078125
6 0.4248046875 0.853515625 0.07421875 0.07421875
6 0.828125 0.8193359375 0.287109375 0.193359375
6 0.677734375 0.40234375 0.38671875 0.1640625
6 0.4560546875 0.9248046875 0.08203125 0.0625