6 0.3798828125 0.3525390625 0.13671875 0.123046875
6 0.2314453125 0.16015625 0.23828125 0.296875
6 0.3232421875 0.8154296875 0.21875 0.3515625
6 0.4990234375 0.568359375 0.09375 0.16796875
6 0.4130859375 0.5712890625 0.1171875 0.1171875
6 0.4638671875 0.32421875 0.09375 0.150390625
1 0.62890625 0.2255859375 0.228515625 0.248046875
1 0.26953125 0.5302734375 0.078125 0.09765625
1 0.220703125 0.4267578125 0.080078125 0.1015625
1 0.1904296875 0.5654296875 0.078125 0.078125
6 0.146484375 0.4248046875 0.07421875 0.07421875
6 0.1806640625 0.828125 0.193359375 0.287109375
6 0.59765625 0.677734375 0.1640625 0.38671875
6 0.0751953125 0.4560546875 0.0625 0.08203125