8 0.578125 0.8046875 0.06640625 0.02734375
8 0.7705078125 0.8203125 0.103515625 0.095703125
8 0.615234375 0.623046875 0.05078125 0.076171875
8 0.6533203125 0.2578125 0.099609375 0.052734375
8 0.6240234375 0.3193359375 0.052734375 0.08203125
8 0.2119140625 0.5380859375 0.091796875 0.04296875
8 0.2607421875 0.734375 0.068359375 0.083984375
8 0.5078125 0.3154296875 0.05078125 0.083984375
8 0.443359375 0.634765625 0.07421875 0.046875
8 0.3642578125 0.9296875 0.080078125 0.03515625
8 0.5234375 0.9033203125 0.0859375 0.06640625
8 0.779296875 0.908203125 0.087890625 0.056640625
8 0.81640625 0.205078125 0.12890625 0.04296875
8 0.794921875 0.306640625 0.1171875 0.06640625
8 0.7626953125 0.513671875 0.09765625 0.0546875
8 0.1328125 0.2236328125 0.06640625 0.0546875
8 0.3671875 0.251953125 0.078125 0.0625
8 0.3349609375 0.3505859375 0.0546875 0.08203125
8 0.4033203125 0.3212890625 0.12109375 0.06640625
8 0.298828125 0.5927734375 0.078125 0.060546875
8 0.130859375 0.763671875 0.109375 0.068359375
8 0.0341796875 0.7001953125 0.068359375 0.091796875
8 0.0458984375 0.3916015625 0.091796875 0.037109375
8 0.08984375 0.3486328125 0.107421875 0.04296875
8 0.2041015625 0.40234375 0.0546875 0.06640625
8 0.2353515625 0.4638671875 0.107421875 0.04296875
8 0.142578125 0.439453125 0.05859375 0.0546875
8 0.412109375 0.419921875 0.095703125 0.068359375
8 0.4072265625 0.845703125 0.076171875 0.05078125
8 0.544921875 0.412109375 0.072265625 0.06640625
8 0.484375 0.935546875 0.087890625 0.04296875
8 0.84765625 0.5556640625 0.09765625 0.046875
8 0.10546875 0.185546875 0.076171875 0.044921875