8 0.421875 0.1953125 0.06640625 0.02734375
8 0.2294921875 0.1796875 0.103515625 0.09375
8 0.384765625 0.376953125 0.05078125 0.076171875
8 0.3466796875 0.7421875 0.099609375 0.052734375
8 0.3759765625 0.6806640625 0.052734375 0.08203125
8 0.7880859375 0.4619140625 0.091796875 0.04296875
8 0.7392578125 0.265625 0.068359375 0.083984375
8 0.4921875 0.6845703125 0.05078125 0.083984375
8 0.556640625 0.365234375 0.07421875 0.046875
8 0.6357421875 0.0703125 0.080078125 0.03515625
8 0.4765625 0.0966796875 0.0859375 0.06640625
8 0.220703125 0.091796875 0.087890625 0.056640625
8 0.18359375 0.794921875 0.12890625 0.04296875
8 0.205078125 0.693359375 0.1171875 0.06640625
8 0.2373046875 0.486328125 0.09765625 0.0546875
8 0.8671875 0.7763671875 0.06640625 0.052734375
8 0.6328125 0.748046875 0.078125 0.0625
8 0.6650390625 0.6494140625 0.0546875 0.08203125
8 0.5966796875 0.6787109375 0.12109375 0.06640625
8 0.701171875 0.4072265625 0.078125 0.060546875
8 0.869140625 0.236328125 0.109375 0.068359375
8 0.9658203125 0.2998046875 0.068359375 0.091796875
8 0.9541015625 0.6083984375 0.091796875 0.037109375
8 0.91015625 0.6513671875 0.107421875 0.044921875
8 0.7958984375 0.59765625 0.0546875 0.06640625
8 0.7646484375 0.5361328125 0.107421875 0.04296875
8 0.857421875 0.560546875 0.05859375 0.0546875
8 0.587890625 0.580078125 0.095703125 0.068359375
8 0.5927734375 0.154296875 0.076171875 0.05078125
8 0.455078125 0.587890625 0.072265625 0.06640625
8 0.515625 0.064453125 0.087890625 0.04296875
8 0.15234375 0.4443359375 0.09765625 0.046875
8 0.89453125 0.814453125 0.076171875 0.044921875