8 0.505859375 0.8544921875 0.08984375 0.087890625
8 0.5234375 0.68359375 0.07421875 0.08203125
8 0.533203125 0.6201171875 0.08984375 0.03515625
8 0.5009765625 0.255859375 0.11328125 0.04296875
8 0.5 0.330078125 0.0859375 0.05859375
8 0.46484375 0.4189453125 0.0703125 0.0703125
8 0.5888671875 0.47265625 0.09765625 0.05078125
8 0.525390625 0.5419921875 0.0625 0.064453125
8 0.689453125 0.2783203125 0.1796875 0.115234375
8 0.87890625 0.2890625 0.23828125 0.259765625
8 0.234375 0.3251953125 0.125 0.1015625
8 0.3125 0.1318359375 0.236328125 0.26171875
8 0.791015625 0.6630859375 0.19921875 0.29296875
8 0.638671875 0.7255859375 0.171875 0.1796875
8 0.2880859375 0.845703125 0.23828125 0.1484375
8 0.30859375 0.7421875 0.28125 0.109375
8 0.21484375 0.42578125 0.330078125 0.18359375
8 0.3408203125 0.5703125 0.26171875 0.142578125
8 0.3974609375 0.802734375 0.111328125 0.05859375
8 0.5224609375 0.76171875 0.0703125 0.06640625
8 0.2958984375 0.4833984375 0.203125 0.1484375
8 0.6220703125 0.208984375 0.125 0.06640625
8 0.8515625 0.4580078125 0.068359375 0.05078125
8 0.9375 0.427734375 0.09375 0.09765625
8 0.8388671875 0.5185546875 0.115234375 0.0703125
8 0.9033203125 0.634765625 0.19140625 0.212890625
8 0.4189453125 0.640625 0.12109375 0.05078125