8 0.494140625 0.1455078125 0.08984375 0.087890625
8 0.4765625 0.31640625 0.07421875 0.08203125
8 0.466796875 0.3798828125 0.08984375 0.03515625
8 0.4990234375 0.744140625 0.11328125 0.04296875
8 0.5 0.669921875 0.0859375 0.05859375
8 0.53515625 0.5810546875 0.0703125 0.0703125
8 0.4111328125 0.52734375 0.09765625 0.05078125
8 0.474609375 0.4580078125 0.0625 0.064453125
8 0.310546875 0.7216796875 0.1796875 0.115234375
8 0.12109375 0.7109375 0.23828125 0.259765625
8 0.765625 0.6748046875 0.125 0.1015625
8 0.6875 0.8681640625 0.236328125 0.26171875
8 0.208984375 0.3369140625 0.19921875 0.29296875
8 0.361328125 0.2744140625 0.171875 0.1796875
8 0.7119140625 0.154296875 0.23828125 0.1484375
8 0.69140625 0.2578125 0.28125 0.109375
8 0.78515625 0.57421875 0.330078125 0.18359375
8 0.6591796875 0.4296875 0.26171875 0.142578125
8 0.6025390625 0.197265625 0.111328125 0.05859375
8 0.4775390625 0.23828125 0.0703125 0.06640625
8 0.7041015625 0.5166015625 0.203125 0.1484375
8 0.3779296875 0.791015625 0.125 0.06640625
8 0.1484375 0.5419921875 0.068359375 0.05078125
8 0.0625 0.572265625 0.09375 0.099609375
8 0.1611328125 0.4814453125 0.115234375 0.0703125
8 0.0966796875 0.365234375 0.19140625 0.212890625
8 0.5810546875 0.359375 0.12109375 0.05078125