6 0.75 0.4892578125 0.130859375 0.0703125
6 0.69921875 0.3251953125 0.19140625 0.140625
6 0.2177734375 0.2216796875 0.23046875 0.140625
6 0.4697265625 0.3779296875 0.43359375 0.1484375
6 0.5068359375 0.59765625 0.431640625 0.255859375
6 0.59375 0.716796875 0.21484375 0.28125
6 0.3193359375 0.7724609375 0.28125 0.115234375
6 0.1884765625 0.380859375 0.28515625 0.140625
6 0.1865234375 0.44921875 0.169921875 0.25
6 0.1943359375 0.7109375 0.23046875 0.08984375
6 0.0751953125 0.6513671875 0.150390625 0.091796875
6 0.40234375 0.9296875 0.1875 0.083984375
6 0.7783203125 0.044921875 0.314453125 0.08984375
6 0.9501953125 0.4365234375 0.09765625 0.08203125
6 0.4443359375 0.4609375 0.109375 0.0859375
6 0.080078125 0.9619140625 0.16015625 0.076171875