8 0.8505859375 0.4462890625 0.298828125 0.18359375
8 0.4521484375 0.1240234375 0.2734375 0.22265625
8 0.40234375 0.341796875 0.162109375 0.109375
8 0.4462890625 0.2763671875 0.16015625 0.138671875
8 0.169921875 0.6728515625 0.296875 0.28125
8 0.2568359375 0.4580078125 0.2109375 0.236328125
8 0.5439453125 0.6689453125 0.205078125 0.12109375
8 0.591796875 0.859375 0.28125 0.181640625
8 0.2880859375 0.7978515625 0.18359375 0.26953125
8 0.5283203125 0.4833984375 0.169921875 0.189453125
8 0.779296875 0.2919921875 0.392578125 0.12890625