6 0.7197265625 0.5634765625 0.353515625 0.177734375
6 0.8076171875 0.37109375 0.384765625 0.1640625
6 0.796875 0.2314453125 0.2734375 0.1484375
6 0.4013671875 0.1044921875 0.197265625 0.177734375
6 0.2216796875 0.3984375 0.337890625 0.19140625
6 0.3134765625 0.5654296875 0.33203125 0.19140625
6 0.5322265625 0.74609375 0.23046875 0.328125
6 0.240234375 0.8671875 0.47265625 0.265625
6 0.205078125 0.7177734375 0.255859375 0.15234375
6 0.0498046875 0.6640625 0.099609375 0.15234375
6 0.044921875 0.44921875 0.08984375 0.27734375
6 0.57421875 0.45703125 0.11328125 0.07421875