6 0.4365234375 0.7197265625 0.177734375 0.353515625
6 0.62890625 0.8076171875 0.1640625 0.384765625
6 0.7685546875 0.796875 0.1484375 0.2734375
6 0.8955078125 0.4013671875 0.177734375 0.197265625
6 0.6015625 0.2216796875 0.19140625 0.337890625
6 0.4345703125 0.3134765625 0.19140625 0.33203125
6 0.25390625 0.5322265625 0.328125 0.23046875
6 0.1328125 0.240234375 0.265625 0.47265625
6 0.2822265625 0.205078125 0.15234375 0.255859375
6 0.3359375 0.0498046875 0.15234375 0.099609375
6 0.55078125 0.044921875 0.279296875 0.08984375
6 0.54296875 0.57421875 0.07421875 0.11328125