6 0.373046875 0.85546875 0.484375 0.2890625
6 0.6005859375 0.2822265625 0.078125 0.103515625
6 0.40625 0.43359375 0.25 0.1328125
6 0.7607421875 0.4365234375 0.23828125 0.16015625
6 0.6982421875 0.5244140625 0.36328125 0.19140625
6 0.4501953125 0.640625 0.55859375 0.22265625
6 0.7451171875 0.3330078125 0.1171875 0.078125
6 0.498046875 0.515625 0.09765625 0.10546875
6 0.2998046875 0.3525390625 0.154296875 0.130859375
6 0.2421875 0.46484375 0.10546875 0.12890625
6 0.08984375 0.46875 0.1796875 0.109375
6 0.4169921875 0.267578125 0.12109375 0.181640625
6 0.07421875 0.8291015625 0.078125 0.1015625