8 0.2080078125 0.1044921875 0.099609375 0.20703125
8 0.3466796875 0.111328125 0.103515625 0.22265625
8 0.3525390625 0.3515625 0.076171875 0.16796875
8 0.474609375 0.8486328125 0.10546875 0.302734375
8 0.4404296875 0.6416015625 0.103515625 0.111328125
8 0.6513671875 0.24609375 0.119140625 0.09375
8 0.494140625 0.296875 0.072265625 0.12109375
8 0.4453125 0.451171875 0.08984375 0.095703125
8 0.5947265625 0.1064453125 0.166015625 0.134765625
8 0.6162109375 0.51171875 0.162109375 0.09765625
8 0.27734375 0.458984375 0.12890625 0.333984375
1 0.091796875 0.83203125 0.125 0.10546875
8 0.5859375 0.3876953125 0.130859375 0.09375
8 0.5654296875 0.658203125 0.146484375 0.09375
8 0.5380859375 0.5712890625 0.076171875 0.064453125