8 0.0498046875 0.2607421875 0.087890625 0.072265625
8 0.1728515625 0.2919921875 0.076171875 0.068359375
8 0.15625 0.35546875 0.0625 0.0703125
8 0.51953125 0.81640625 0.064453125 0.123046875
8 0.4208984375 0.7958984375 0.1015625 0.142578125
8 0.3212890625 0.498046875 0.080078125 0.09375
8 0.2978515625 0.609375 0.119140625 0.125
8 0.2490234375 0.3955078125 0.091796875 0.078125
8 0.1591796875 0.50390625 0.08203125 0.080078125
8 0.50390625 0.4970703125 0.060546875 0.130859375
8 0.3115234375 0.921875 0.0859375 0.103515625
8 0.3232421875 0.787109375 0.08984375 0.13671875
8 0.388671875 0.443359375 0.08984375 0.13671875
8 0.6181640625 0.4970703125 0.087890625 0.123046875
8 0.673828125 0.5693359375 0.12890625 0.1328125
8 0.4599609375 0.171875 0.19921875 0.25
8 0.2373046875 0.11328125 0.17578125 0.220703125
8 0.076171875 0.697265625 0.13671875 0.33203125
8 0.18359375 0.78515625 0.14453125 0.29296875
8 0.216796875 0.830078125 0.107421875 0.140625
8 0.0634765625 0.380859375 0.046875 0.07421875
8 0.2109375 0.576171875 0.05859375 0.107421875
8 0.6142578125 0.6328125 0.05859375 0.10546875
1 0.80078125 0.283203125 0.205078125 0.259765625