8 0.4208984375 0.62109375 0.06640625 0.12109375
8 0.2099609375 0.9140625 0.080078125 0.1015625
8 0.27734375 0.521484375 0.07421875 0.1640625
8 0.806640625 0.3544921875 0.10546875 0.087890625
8 0.45703125 0.404296875 0.080078125 0.076171875
8 0.1396484375 0.419921875 0.14453125 0.173828125
8 0.2802734375 0.3046875 0.09765625 0.234375
8 0.494140625 0.2705078125 0.06640625 0.2109375
8 0.654296875 0.4814453125 0.078125 0.08203125
8 0.7578125 0.4677734375 0.083984375 0.255859375
8 0.8330078125 0.70703125 0.09765625 0.181640625
8 0.7080078125 0.2744140625 0.103515625 0.080078125
8 0.56640625 0.07421875 0.087890625 0.138671875
8 0.6953125 0.1572265625 0.126953125 0.1015625
8 0.5390625 0.2392578125 0.109375 0.12109375
8 0.8876953125 0.56640625 0.0703125 0.103515625
8 0.3671875 0.0966796875 0.12890625 0.193359375
8 0.650390625 0.9228515625 0.146484375 0.154296875
8 0.568359375 0.37890625 0.08984375 0.1640625
8 0.603515625 0.5224609375 0.072265625 0.1484375
8 0.3447265625 0.2294921875 0.0703125 0.130859375
8 0.548828125 0.87109375 0.099609375 0.1484375
8 0.90625 0.775390625 0.08203125 0.12890625