8 0.205078125 0.720703125 0.099609375 0.078125
8 0.28125 0.796875 0.06640625 0.078125
8 0.5986328125 0.8662109375 0.0703125 0.107421875
8 0.48828125 0.8388671875 0.064453125 0.08203125
8 0.5517578125 0.8740234375 0.05078125 0.060546875
8 0.5244140625 0.48828125 0.095703125 0.125
8 0.068359375 0.1982421875 0.1328125 0.08984375
8 0.5087890625 0.306640625 0.064453125 0.10546875
8 0.3974609375 0.876953125 0.0859375 0.09375
8 0.5576171875 0.6396484375 0.080078125 0.0703125
8 0.6884765625 0.34375 0.095703125 0.0703125
8 0.35546875 0.205078125 0.0703125 0.134765625
8 0.296875 0.2021484375 0.05078125 0.08984375
8 0.18359375 0.1513671875 0.080078125 0.16796875
8 0.2734375 0.419921875 0.064453125 0.09375
8 0.3173828125 0.482421875 0.06640625 0.08203125
8 0.3486328125 0.380859375 0.08984375 0.138671875
8 0.2802734375 0.6787109375 0.05078125 0.04296875
8 0.3505859375 0.689453125 0.048828125 0.0625
8 0.859375 0.298828125 0.087890625 0.076171875
8 0.8935546875 0.201171875 0.05859375 0.095703125
8 0.1484375 0.30078125 0.095703125 0.125