8 0.279296875 0.205078125 0.078125 0.099609375
8 0.203125 0.28125 0.078125 0.06640625
8 0.1337890625 0.5986328125 0.107421875 0.0693359375
8 0.1611328125 0.48828125 0.08203125 0.064453125
8 0.1259765625 0.5517578125 0.060546875 0.05078125
8 0.51171875 0.5244140625 0.1240234375 0.095703125
8 0.8017578125 0.068359375 0.0908203125 0.1328125
8 0.693359375 0.5087890625 0.1044921875 0.064453125
8 0.123046875 0.3974609375 0.09375 0.0859375
8 0.3603515625 0.5576171875 0.0703125 0.080078125
8 0.65625 0.6884765625 0.0712890625 0.095703125
8 0.794921875 0.35546875 0.134765625 0.0712890625
8 0.7978515625 0.296875 0.08984375 0.0498046875
8 0.8486328125 0.18359375 0.1689453125 0.080078125
8 0.580078125 0.2734375 0.09375 0.064453125
8 0.517578125 0.3173828125 0.0830078125 0.06640625
8 0.619140625 0.3486328125 0.138671875 0.0908203125
8 0.3212890625 0.2802734375 0.0419921875 0.0517578125
8 0.310546875 0.3505859375 0.0625 0.048828125
8 0.701171875 0.859375 0.076171875 0.087890625
8 0.798828125 0.8935546875 0.095703125 0.05859375
8 0.69921875 0.1484375 0.1259765625 0.095703125