8 0.794921875 0.279296875 0.099609375 0.078125
8 0.71875 0.203125 0.06640625 0.078125
8 0.4013671875 0.1337890625 0.0703125 0.107421875
8 0.51171875 0.1611328125 0.064453125 0.08203125
8 0.4482421875 0.1259765625 0.05078125 0.060546875
8 0.4755859375 0.51171875 0.095703125 0.125
8 0.931640625 0.8017578125 0.1328125 0.08984375
8 0.4912109375 0.693359375 0.064453125 0.10546875
8 0.6025390625 0.123046875 0.0859375 0.09375
8 0.4423828125 0.3603515625 0.080078125 0.0703125
8 0.3115234375 0.65625 0.095703125 0.0703125
8 0.64453125 0.794921875 0.0703125 0.134765625
8 0.703125 0.7978515625 0.05078125 0.08984375
8 0.81640625 0.8486328125 0.080078125 0.16796875
8 0.7265625 0.580078125 0.064453125 0.09375
8 0.6826171875 0.517578125 0.06640625 0.08203125
8 0.6513671875 0.619140625 0.08984375 0.138671875
8 0.7197265625 0.3212890625 0.05078125 0.04296875
8 0.6494140625 0.310546875 0.048828125 0.0625
8 0.140625 0.701171875 0.087890625 0.076171875
8 0.1064453125 0.798828125 0.05859375 0.095703125
8 0.8515625 0.69921875 0.095703125 0.126953125