5 0.16015625 0.830078125 0.125 0.28125
5 0.25390625 0.2451171875 0.111328125 0.099609375
5 0.3759765625 0.326171875 0.09375 0.16796875
5 0.921875 0.767578125 0.115234375 0.30859375
5 0.1845703125 0.4462890625 0.12890625 0.107421875
5 0.15625 0.2587890625 0.068359375 0.142578125
5 0.361328125 0.4453125 0.1328125 0.08984375
5 0.294921875 0.5859375 0.1484375 0.1328125
5 0.767578125 0.298828125 0.150390625 0.13671875
5 0.83203125 0.4111328125 0.150390625 0.13671875
5 0.5986328125 0.5986328125 0.12890625 0.302734375
5 0.6748046875 0.6162109375 0.1875 0.26171875