8 0.6982421875 0.2587890625 0.099609375 0.103515625
8 0.7880859375 0.3447265625 0.1875 0.130859375
8 0.4755859375 0.3232421875 0.16796875 0.21875
8 0.2490234375 0.6591796875 0.1875 0.10546875
8 0.392578125 0.7255859375 0.0703125 0.103515625
8 0.3818359375 0.53515625 0.07421875 0.138671875
8 0.1845703125 0.4375 0.1015625 0.12109375
8 0.109375 0.5439453125 0.15234375 0.1171875
8 0.32421875 0.103515625 0.1171875 0.17578125
8 0.072265625 0.6416015625 0.130859375 0.107421875
8 0.5947265625 0.287109375 0.099609375 0.125
8 0.5107421875 0.0654296875 0.130859375 0.12890625
8 0.45703125 0.7333984375 0.05078125 0.130859375
8 0.4931640625 0.4814453125 0.12109375 0.09375
8 0.6767578125 0.44140625 0.080078125 0.1015625
8 0.7724609375 0.4267578125 0.109375 0.1171875
8 0.6689453125 0.720703125 0.111328125 0.08203125
8 0.7822265625 0.5595703125 0.09765625 0.08203125
8 0.59375 0.4658203125 0.1015625 0.0859375
8 0.5966796875 0.5419921875 0.09765625 0.0546875
8 0.2099609375 0.3271484375 0.095703125 0.046875