8 0.240234375 0.611328125 0.1640625 0.064453125
8 0.49609375 0.42578125 0.1328125 0.0859375
8 0.1376953125 0.8408203125 0.275390625 0.099609375
8 0.275390625 0.87890625 0.0859375 0.12890625
8 0.423828125 0.7998046875 0.0703125 0.09375
8 0.51953125 0.2041015625 0.201171875 0.1171875
8 0.150390625 0.080078125 0.28125 0.134765625
8 0.3212890625 0.205078125 0.080078125 0.0625
8 0.193359375 0.2333984375 0.208984375 0.0859375
8 0.3369140625 0.306640625 0.08203125 0.078125
8 0.3681640625 0.353515625 0.10546875 0.107421875
8 0.140625 0.435546875 0.28125 0.103515625
8 0.2236328125 0.724609375 0.2578125 0.099609375
8 0.6005859375 0.8603515625 0.2734375 0.12890625
8 0.7939453125 0.275390625 0.09375 0.05078125