6 0.609375 0.1611328125 0.140625 0.181640625
6 0.3330078125 0.4951171875 0.1640625 0.0859375
6 0.5771484375 0.306640625 0.046875 0.0625
6 0.3505859375 0.0400390625 0.09375 0.080078125
6 0.74609375 0.029296875 0.0859375 0.05859375
6 0.5380859375 0.517578125 0.08984375 0.09375
6 0.4189453125 0.591796875 0.0390625 0.0625
6 0.2890625 0.6923828125 0.109375 0.06640625
6 0.2548828125 0.24609375 0.060546875 0.0546875
6 0.548828125 0.6826171875 0.0390625 0.0859375
6 0.619140625 0.6474609375 0.052734375 0.048828125
6 0.650390625 0.6162109375 0.07421875 0.0546875
6 0.60546875 0.5859375 0.03515625 0.06640625
6 0.9658203125 0.5419921875 0.068359375 0.09765625
6 0.4619140625 0.6611328125 0.0703125 0.037109375
6 0.220703125 0.6396484375 0.07421875 0.04296875
6 0.2099609375 0.6005859375 0.05078125 0.02734375
6 0.1591796875 0.646484375 0.05859375 0.046875
6 0.32421875 0.40234375 0.052734375 0.046875
6 0.408203125 0.23828125 0.0234375 0.0546875
6 0.4853515625 0.4091796875 0.05078125 0.04296875