6 0.390625 0.8388671875 0.140625 0.181640625
6 0.6669921875 0.5048828125 0.1640625 0.0859375
6 0.4228515625 0.693359375 0.046875 0.0625
6 0.6494140625 0.9599609375 0.09375 0.080078125
6 0.25390625 0.970703125 0.0859375 0.05859375
6 0.4619140625 0.482421875 0.08984375 0.09375
6 0.5810546875 0.408203125 0.0390625 0.0625
6 0.7109375 0.3076171875 0.109375 0.06640625
6 0.7451171875 0.75390625 0.060546875 0.0546875
6 0.451171875 0.3173828125 0.0390625 0.0859375
6 0.380859375 0.3525390625 0.052734375 0.048828125
6 0.349609375 0.3837890625 0.07421875 0.0546875
6 0.39453125 0.4140625 0.03515625 0.06640625
6 0.0341796875 0.4580078125 0.068359375 0.09765625
6 0.5380859375 0.3388671875 0.0703125 0.037109375
6 0.779296875 0.3603515625 0.07421875 0.04296875
6 0.7900390625 0.3994140625 0.05078125 0.02734375
6 0.8408203125 0.353515625 0.05859375 0.046875
6 0.67578125 0.59765625 0.052734375 0.046875
6 0.591796875 0.76171875 0.0234375 0.0546875
6 0.5146484375 0.5908203125 0.05078125 0.04296875