8 0.2421875 0.365234375 0.095703125 0.08984375
8 0.658203125 0.6171875 0.140625 0.083984375
8 0.185546875 0.29296875 0.12109375 0.078125
8 0.701171875 0.8876953125 0.11328125 0.119140625
8 0.8330078125 0.8720703125 0.140625 0.083984375
8 0.85546875 0.8154296875 0.17578125 0.0625
8 0.9248046875 0.7314453125 0.150390625 0.10546875
8 0.9423828125 0.6240234375 0.115234375 0.060546875
8 0.8046875 0.2626953125 0.11328125 0.083984375
8 0.6474609375 0.154296875 0.115234375 0.0625
8 0.4755859375 0.341796875 0.15234375 0.11328125
8 0.6220703125 0.3173828125 0.0859375 0.04296875
8 0.4072265625 0.4375 0.06640625 0.06640625
8 0.236328125 0.201171875 0.123046875 0.173828125
8 0.3935546875 0.2890625 0.16796875 0.091796875
8 0.7626953125 0.4013671875 0.060546875 0.05859375
8 0.8154296875 0.5517578125 0.068359375 0.06640625
8 0.64453125 0.4755859375 0.06640625 0.05859375
8 0.6982421875 0.6875 0.10546875 0.06640625
8 0.681640625 0.77734375 0.12890625 0.078125
8 0.3427734375 0.392578125 0.095703125 0.0625
8 0.2412109375 0.6875 0.06640625 0.05859375
8 0.2197265625 0.6005859375 0.05859375 0.0703125
8 0.181640625 0.5224609375 0.08984375 0.08984375
8 0.2412109375 0.5 0.046875 0.0625
8 0.390625 0.5361328125 0.041015625 0.0625
8 0.29296875 0.5126953125 0.08203125 0.0625
8 0.1083984375 0.4794921875 0.072265625 0.08203125
8 0.939453125 0.564453125 0.12109375 0.0546875
8 0.849609375 0.6455078125 0.05078125 0.0546875
8 0.4609375 0.75390625 0.0859375 0.046875
8 0.5947265625 0.6435546875 0.0703125 0.044921875
8 0.541015625 0.4443359375 0.0859375 0.05859375
8 0.1455078125 0.3955078125 0.04296875 0.0703125
8 0.2861328125 0.4423828125 0.080078125 0.02734375
8 0.662109375 0.5458984375 0.125 0.05859375
8 0.7998046875 0.4365234375 0.05859375 0.05859375
8 0.7470703125 0.328125 0.05078125 0.05078125
8 0.5869140625 0.7060546875 0.08203125 0.056640625
8 0.794921875 0.0966796875 0.06640625 0.05078125
8 0.88671875 0.298828125 0.078125 0.048828125
8 0.6953125 0.3681640625 0.056640625 0.0546875
8 0.837890625 0.4541015625 0.05078125 0.05078125
8 0.7685546875 0.52734375 0.060546875 0.068359375
8 0.365234375 0.71875 0.072265625 0.0390625