8 0.634765625 0.2421875 0.08984375 0.095703125
8 0.3828125 0.658203125 0.083984375 0.140625
8 0.70703125 0.185546875 0.078125 0.12109375
8 0.1123046875 0.701171875 0.1171875 0.11328125
8 0.1279296875 0.8330078125 0.083984375 0.140625
8 0.1845703125 0.85546875 0.0625 0.17578125
8 0.2685546875 0.9248046875 0.10546875 0.150390625
8 0.3759765625 0.9423828125 0.060546875 0.115234375
8 0.7373046875 0.8046875 0.083984375 0.11328125
8 0.845703125 0.6474609375 0.0625 0.115234375
8 0.658203125 0.4755859375 0.11328125 0.15234375
8 0.6826171875 0.6220703125 0.04296875 0.0859375
8 0.5625 0.4072265625 0.06640625 0.06640625
8 0.798828125 0.236328125 0.173828125 0.123046875
8 0.7109375 0.3935546875 0.091796875 0.16796875
8 0.5986328125 0.7626953125 0.05859375 0.060546875
8 0.4482421875 0.8154296875 0.06640625 0.068359375
8 0.5244140625 0.64453125 0.05859375 0.06640625
8 0.3125 0.6982421875 0.06640625 0.10546875
8 0.22265625 0.681640625 0.078125 0.12890625
8 0.607421875 0.3427734375 0.0625 0.095703125
8 0.3125 0.2412109375 0.05859375 0.06640625
8 0.3994140625 0.2197265625 0.0703125 0.05859375
8 0.4775390625 0.181640625 0.08984375 0.08984375
8 0.5 0.2412109375 0.0625 0.046875
8 0.4638671875 0.390625 0.0625 0.041015625
8 0.4873046875 0.29296875 0.0625 0.08203125
8 0.5205078125 0.1083984375 0.08203125 0.072265625
8 0.435546875 0.939453125 0.0546875 0.12109375
8 0.3544921875 0.849609375 0.0546875 0.05078125
8 0.24609375 0.4609375 0.046875 0.0859375
8 0.3564453125 0.5947265625 0.044921875 0.0703125
8 0.5556640625 0.541015625 0.05859375 0.0859375
8 0.6044921875 0.1455078125 0.0703125 0.04296875
8 0.5576171875 0.2861328125 0.02734375 0.080078125
8 0.4541015625 0.662109375 0.05859375 0.125
8 0.5634765625 0.7998046875 0.05859375 0.05859375
8 0.671875 0.7470703125 0.05078125 0.05078125
8 0.2939453125 0.5869140625 0.056640625 0.08203125
8 0.9033203125 0.794921875 0.05078125 0.06640625
8 0.701171875 0.88671875 0.048828125 0.078125
8 0.6318359375 0.6953125 0.0546875 0.056640625
8 0.5458984375 0.837890625 0.05078125 0.05078125
8 0.47265625 0.7685546875 0.068359375 0.060546875
8 0.28125 0.365234375 0.0390625 0.072265625