0 0.46484375 0.2119140625 0.3828125 0.146484375
0 0.4677734375 0.3505859375 0.44921875 0.125
0 0.240234375 0.5185546875 0.287109375 0.1328125
0 0.728515625 0.70703125 0.38671875 0.13671875
0 0.4599609375 0.642578125 0.166015625 0.1015625
0 0.212890625 0.73046875 0.17578125 0.076171875
0 0.2685546875 0.8310546875 0.171875 0.072265625
0 0.1279296875 0.3203125 0.255859375 0.125
0 0.5224609375 0.7685546875 0.201171875 0.0625
0 0.806640625 0.5361328125 0.12890625 0.07421875
0 0.18359375 0.6298828125 0.15625 0.0859375
0 0.8447265625 0.59375 0.140625 0.076171875
0 0.10546875 0.5390625 0.2109375 0.16015625