0 0.53515625 0.7880859375 0.3828125 0.146484375
0 0.5322265625 0.6494140625 0.44921875 0.125
0 0.759765625 0.4814453125 0.287109375 0.1328125
0 0.271484375 0.29296875 0.38671875 0.13671875
0 0.5400390625 0.357421875 0.166015625 0.1015625
0 0.787109375 0.26953125 0.17578125 0.076171875
0 0.7314453125 0.1689453125 0.171875 0.0703125
0 0.8720703125 0.6796875 0.255859375 0.125
0 0.4775390625 0.2314453125 0.201171875 0.0625
0 0.193359375 0.4638671875 0.12890625 0.07421875
0 0.81640625 0.3701171875 0.15625 0.0859375
0 0.1552734375 0.40625 0.140625 0.076171875
0 0.89453125 0.4609375 0.2109375 0.16015625