8 0.556640625 0.9462890625 0.12109375 0.10546875
8 0.267578125 0.5927734375 0.07421875 0.10546875
8 0.69921875 0.3916015625 0.09375 0.09765625
8 0.798828125 0.3154296875 0.091796875 0.125
8 0.79296875 0.4765625 0.09375 0.17578125
8 0.150390625 0.7060546875 0.109375 0.23828125
8 0.318359375 0.8720703125 0.2421875 0.12890625
8 0.603515625 0.6220703125 0.140625 0.16015625
8 0.421875 0.7099609375 0.22265625 0.1015625
8 0.41796875 0.6259765625 0.078125 0.0546875
8 0.68359375 0.21875 0.22265625 0.24609375