8 0.9462890625 0.443359375 0.10546875 0.12109375
8 0.5927734375 0.732421875 0.10546875 0.07421875
8 0.3916015625 0.30078125 0.09765625 0.09375
8 0.3154296875 0.201171875 0.125 0.091796875
8 0.4765625 0.20703125 0.17578125 0.09375
8 0.7060546875 0.849609375 0.23828125 0.109375
8 0.8720703125 0.681640625 0.12890625 0.240234375
8 0.6220703125 0.396484375 0.16015625 0.140625
8 0.7099609375 0.578125 0.1015625 0.22265625
8 0.6259765625 0.58203125 0.0546875 0.078125
8 0.21875 0.31640625 0.24609375 0.22265625