0 0.8310546875 0.21484375 0.21875 0.171875
0 0.9111328125 0.365234375 0.177734375 0.2265625
0 0.6640625 0.23828125 0.1328125 0.14453125
0 0.78125 0.4990234375 0.16796875 0.212890625
0 0.4111328125 0.189453125 0.16796875 0.224609375
0 0.373046875 0.53125 0.16015625 0.12109375
0 0.1728515625 0.4814453125 0.13671875 0.119140625
0 0.1435546875 0.642578125 0.234375 0.208984375
0 0.3720703125 0.6904296875 0.265625 0.1875
0 0.599609375 0.54296875 0.1796875 0.177734375
0 0.6015625 0.0927734375 0.19921875 0.185546875
0 0.6171875 0.404296875 0.15625 0.1328125
0 0.2978515625 0.1376953125 0.197265625 0.11328125
0 0.3681640625 0.052734375 0.25390625 0.10546875
0 0.4658203125 0.4697265625 0.125 0.171875