8 0.298828125 0.44140625 0.150390625 0.1640625
8 0.26171875 0.2470703125 0.0859375 0.125
8 0.1083984375 0.40625 0.203125 0.099609375
8 0.9384765625 0.1669921875 0.123046875 0.134765625
8 0.580078125 0.1181640625 0.12890625 0.08984375
8 0.6767578125 0.39453125 0.146484375 0.126953125
8 0.8193359375 0.3271484375 0.0859375 0.1015625
8 0.8203125 0.1982421875 0.0546875 0.09765625
8 0.7275390625 0.1845703125 0.060546875 0.09375
8 0.708984375 0.3203125 0.05859375 0.083984375
8 0.4248046875 0.42578125 0.16015625 0.20703125
8 0.4921875 0.2578125 0.078125 0.05859375
8 0.751953125 0.126953125 0.1484375 0.111328125
1 0.53515625 0.791015625 0.185546875 0.240234375
8 0.609375 0.310546875 0.0859375 0.083984375
8 0.59375 0.201171875 0.05078125 0.068359375
8 0.525390625 0.19921875 0.080078125 0.05859375
8 0.5302734375 0.3515625 0.1015625 0.103515625
1 0.736328125 0.6796875 0.126953125 0.109375
1 0.66015625 0.79296875 0.0859375 0.08984375