0 0.7451171875 0.90625 0.21875 0.1875
0 0.525390625 0.9619140625 0.1484375 0.076171875
0 0.3564453125 0.76953125 0.150390625 0.203125
0 0.8515625 0.27734375 0.279296875 0.28125
0 0.58984375 0.46875 0.130859375 0.10546875
1 0.6318359375 0.064453125 0.169921875 0.12890625
1 0.267578125 0.36328125 0.109375 0.162109375
1 0.1669921875 0.38671875 0.08984375 0.126953125
0 0.53515625 0.8466796875 0.134765625 0.109375
0 0.6259765625 0.8681640625 0.2109375 0.19140625
0 0.2822265625 0.697265625 0.126953125 0.125
1 0.1171875 0.322265625 0.08984375 0.099609375
0 0.369140625 0.244140625 0.201171875 0.12890625
0 0.412109375 0.634765625 0.177734375 0.0625
1 0.638671875 0.5439453125 0.14453125 0.08203125
0 0.705078125 0.294921875 0.259765625 0.279296875
0 0.140625 0.0380859375 0.14453125 0.076171875