0 0.228515625 0.78515625 0.2421875 0.212890625
0 0.5693359375 0.2705078125 0.3515625 0.1875
0 0.8408203125 0.419921875 0.27734375 0.20703125
0 0.6513671875 0.46484375 0.130859375 0.1015625
1 0.580078125 0.7880859375 0.13671875 0.150390625
0 0.7451171875 0.671875 0.224609375 0.1484375
1 0.462890625 0.0625 0.052734375 0.12109375
0 0.927734375 0.7431640625 0.14453125 0.111328125
1 0.703125 0.9150390625 0.07421875 0.1171875
0 0.505859375 0.599609375 0.23046875 0.197265625
0 0.4169921875 0.791015625 0.1484375 0.19921875
0 0.4169921875 0.7890625 0.1484375 0.201171875