0 0.771484375 0.21484375 0.2421875 0.212890625
0 0.4306640625 0.7294921875 0.3515625 0.189453125
0 0.1591796875 0.580078125 0.27734375 0.20703125
0 0.3486328125 0.53515625 0.130859375 0.1015625
1 0.419921875 0.2119140625 0.13671875 0.150390625
0 0.2548828125 0.328125 0.224609375 0.1484375
1 0.537109375 0.9375 0.052734375 0.12109375
0 0.072265625 0.2568359375 0.14453125 0.111328125
1 0.296875 0.0849609375 0.07421875 0.1171875
0 0.494140625 0.400390625 0.23046875 0.197265625
0 0.5830078125 0.208984375 0.1484375 0.19921875
0 0.5830078125 0.2109375 0.1484375 0.201171875