8 0.775390625 0.4052734375 0.083984375 0.056640625
8 0.451171875 0.4091796875 0.08203125 0.052734375
8 0.720703125 0.6328125 0.083984375 0.046875
8 0.501953125 0.66015625 0.109375 0.0625
8 0.6396484375 0.765625 0.08984375 0.05859375
8 0.70703125 0.8154296875 0.0546875 0.05078125
8 0.38671875 0.2666015625 0.103515625 0.07421875
8 0.478515625 0.1806640625 0.068359375 0.12109375
8 0.615234375 0.3271484375 0.087890625 0.080078125
8 0.45703125 0.4560546875 0.0703125 0.037109375
8 0.474609375 0.818359375 0.076171875 0.068359375
8 0.646484375 0.4658203125 0.08203125 0.046875
8 0.5791015625 0.3935546875 0.08203125 0.052734375
8 0.75390625 0.298828125 0.08984375 0.06640625
8 0.861328125 0.419921875 0.0625 0.068359375
8 0.765625 0.2119140625 0.078125 0.0546875
8 0.859375 0.6357421875 0.06640625 0.134765625
8 0.822265625 0.4736328125 0.080078125 0.072265625
8 0.6572265625 0.373046875 0.056640625 0.048828125
8 0.6123046875 0.427734375 0.056640625 0.044921875
8 0.419921875 0.150390625 0.064453125 0.091796875
8 0.3056640625 0.322265625 0.080078125 0.05859375
8 0.28515625 0.47265625 0.064453125 0.064453125
8 0.6142578125 0.173828125 0.072265625 0.091796875
8 0.2255859375 0.5361328125 0.0703125 0.056640625
8 0.3505859375 0.431640625 0.064453125 0.041015625
8 0.744140625 0.7421875 0.046875 0.068359375
8 0.5302734375 0.5390625 0.0546875 0.068359375
8 0.498046875 0.51171875 0.046875 0.060546875
8 0.513671875 0.58203125 0.0625 0.05078125
8 0.3994140625 0.5390625 0.125 0.06640625
8 0.841796875 0.533203125 0.04296875 0.0390625
8 0.83203125 0.765625 0.0546875 0.05078125
8 0.80859375 0.822265625 0.078125 0.046875
8 0.53125 0.2958984375 0.087890625 0.05859375
8 0.44140625 0.5966796875 0.07421875 0.056640625
8 0.22265625 0.595703125 0.08984375 0.05859375
8 0.30078125 0.5869140625 0.037109375 0.048828125
8 0.251953125 0.6171875 0.09375 0.0859375
8 0.4189453125 0.3515625 0.087890625 0.05078125
8 0.6259765625 0.2568359375 0.05078125 0.046875
8 0.63671875 0.5009765625 0.060546875 0.052734375
8 0.685546875 0.521484375 0.046875 0.0546875
8 0.658203125 0.6728515625 0.0546875 0.048828125
8 0.603515625 0.7197265625 0.0390625 0.033203125
8 0.5673828125 0.8017578125 0.056640625 0.04296875
8 0.630859375 0.8486328125 0.0390625 0.06640625
8 0.6083984375 0.822265625 0.037109375 0.0390625
8 0.681640625 0.8427734375 0.08203125 0.056640625
8 0.7734375 0.5595703125 0.0546875 0.076171875
8 0.4208984375 0.8408203125 0.0546875 0.056640625
8 0.439453125 0.6826171875 0.056640625 0.056640625
8 0.4404296875 0.630859375 0.1171875 0.056640625