8 0.5771484375 0.6220703125 0.083984375 0.0703125
8 0.2236328125 0.5517578125 0.1015625 0.091796875
8 0.3896484375 0.8046875 0.146484375 0.078125
8 0.7412109375 0.2900390625 0.1015625 0.19921875
8 0.5361328125 0.12109375 0.08984375 0.177734375
8 0.32421875 0.16015625 0.19921875 0.169921875
8 0.357421875 0.5859375 0.13671875 0.140625
8 0.65625 0.693359375 0.109375 0.19921875
8 0.5546875 0.2763671875 0.06640625 0.04296875
8 0.40625 0.2763671875 0.07421875 0.111328125
8 0.3271484375 0.3818359375 0.064453125 0.05078125
8 0.8203125 0.548828125 0.048828125 0.083984375
8 0.521484375 0.859375 0.0546875 0.052734375
8 0.8984375 0.4140625 0.05078125 0.07421875
8 0.6279296875 0.3544921875 0.0546875 0.083984375
8 0.1015625 0.4912109375 0.08203125 0.060546875
8 0.1474609375 0.2568359375 0.076171875 0.134765625
8 0.7373046875 0.603515625 0.05859375 0.052734375
8 0.498046875 0.890625 0.06640625 0.056640625
8 0.3359375 0.5087890625 0.07421875 0.05859375
8 0.240234375 0.4677734375 0.05078125 0.060546875