8 0.203125 0.35546875 0.0546875 0.0703125
8 0.1591796875 0.4111328125 0.09375 0.05078125
8 0.9130859375 0.5830078125 0.08203125 0.0546875
8 0.8076171875 0.5732421875 0.05859375 0.05859375
8 0.8681640625 0.576171875 0.041015625 0.05859375
8 0.5576171875 0.0634765625 0.11328125 0.10546875
8 0.642578125 0.0859375 0.1015625 0.10546875
8 0.56640625 0.5537109375 0.09375 0.0625
8 0.4296875 0.5908203125 0.09375 0.072265625
8 0.3701171875 0.662109375 0.109375 0.08203125
8 0.3408203125 0.6943359375 0.17578125 0.09375
8 0.4677734375 0.4501953125 0.078125 0.08203125
8 0.625 0.416015625 0.09765625 0.09375
8 0.6943359375 0.5048828125 0.125 0.0703125
8 0.2236328125 0.4736328125 0.08984375 0.046875
8 0.3681640625 0.5732421875 0.2578125 0.34375
8 0.8251953125 0.5751953125 0.234375 0.15625