8 0.796875 0.64453125 0.0546875 0.0703125
8 0.8408203125 0.5888671875 0.09375 0.05078125
8 0.0869140625 0.4169921875 0.08203125 0.0546875
8 0.1923828125 0.4267578125 0.05859375 0.05859375
8 0.1318359375 0.423828125 0.041015625 0.05859375
8 0.4423828125 0.9365234375 0.11328125 0.107421875
8 0.357421875 0.9140625 0.1015625 0.10546875
8 0.43359375 0.4462890625 0.09375 0.0625
8 0.5703125 0.4091796875 0.09375 0.072265625
8 0.6298828125 0.337890625 0.109375 0.08203125
8 0.6591796875 0.3056640625 0.17578125 0.09375
8 0.5322265625 0.5498046875 0.078125 0.08203125
8 0.375 0.583984375 0.09765625 0.09375
8 0.3056640625 0.4951171875 0.125 0.0703125
8 0.7763671875 0.5263671875 0.08984375 0.046875
8 0.6318359375 0.4267578125 0.2578125 0.34375
8 0.1748046875 0.4248046875 0.234375 0.15625