3 0.3720703125 0.2392578125 0.208984375 0.2421875
3 0.54296875 0.419921875 0.11328125 0.244140625
3 0.501953125 0.15625 0.1328125 0.21875
3 0.5751953125 0.751953125 0.12109375 0.169921875
3 0.470703125 0.87890625 0.138671875 0.2421875
3 0.2060546875 0.7548828125 0.11328125 0.119140625
3 0.330078125 0.888671875 0.12109375 0.22265625
1 0.48046875 0.583984375 0.12890625 0.28125
1 0.34765625 0.4345703125 0.13671875 0.31640625
1 0.7841796875 0.3388671875 0.07421875 0.1796875
1 0.76171875 0.142578125 0.07421875 0.169921875