5 0.4296875 0.5205078125 0.21875 0.376953125
5 0.3408203125 0.615234375 0.16796875 0.259765625
5 0.2001953125 0.7509765625 0.12890625 0.3125
5 0.185546875 0.6181640625 0.15625 0.24609375
5 0.2060546875 0.341796875 0.310546875 0.15625
5 0.3134765625 0.2275390625 0.111328125 0.28515625
5 0.26953125 0.154296875 0.140625 0.2421875
5 0.451171875 0.052734375 0.19921875 0.10546875
5 0.755859375 0.7998046875 0.12109375 0.21484375
5 0.6435546875 0.7392578125 0.134765625 0.171875
5 0.826171875 0.5869140625 0.12109375 0.20703125
5 0.947265625 0.69140625 0.10546875 0.1953125