1 0.52734375 0.6171875 0.185546875 0.0859375
1 0.228515625 0.482421875 0.130859375 0.0625
1 0.1953125 0.2294921875 0.25 0.1015625
1 0.3193359375 0.33203125 0.1640625 0.1015625
1 0.09765625 0.130859375 0.103515625 0.12890625
1 0.1611328125 0.072265625 0.125 0.08203125
1 0.1044921875 0.3681640625 0.150390625 0.064453125
1 0.4375 0.314453125 0.078125 0.056640625
1 0.546875 0.21484375 0.12109375 0.107421875
1 0.4951171875 0.3974609375 0.150390625 0.12109375
1 0.7138671875 0.279296875 0.099609375 0.099609375
1 0.6484375 0.4306640625 0.078125 0.09765625
1 0.9140625 0.4609375 0.126953125 0.07421875
1 0.7158203125 0.1630859375 0.08984375 0.056640625
1 0.41015625 0.2021484375 0.12109375 0.09375
1 0.3154296875 0.423828125 0.068359375 0.0703125
1 0.4208984375 0.529296875 0.052734375 0.052734375
1 0.53125 0.4638671875 0.052734375 0.0625
1 0.5244140625 0.53125 0.060546875 0.0625
1 0.3125 0.556640625 0.12890625 0.05078125
1 0.087890625 0.5654296875 0.115234375 0.076171875
1 0.0419921875 0.615234375 0.083984375 0.08984375
1 0.3388671875 0.603515625 0.109375 0.048828125
1 0.658203125 0.537109375 0.0859375 0.083984375
1 0.654296875 0.630859375 0.07421875 0.06640625
1 0.25 0.6767578125 0.083984375 0.078125
1 0.1337890625 0.6328125 0.123046875 0.06640625
1 0.3515625 0.5126953125 0.1015625 0.044921875
1 0.80078125 0.7578125 0.142578125 0.125
1 0.7978515625 0.87109375 0.119140625 0.1328125
1 0.654296875 0.701171875 0.06640625 0.06640625
1 0.4638671875 0.7421875 0.07421875 0.068359375
1 0.4765625 0.8369140625 0.0625 0.068359375
1 0.162109375 0.7802734375 0.232421875 0.099609375
1 0.5927734375 0.7685546875 0.083984375 0.037109375
1 0.66796875 0.873046875 0.107421875 0.123046875
1 0.474609375 0.919921875 0.25390625 0.08984375
1 0.1220703125 0.8662109375 0.240234375 0.0859375