5 0.4794921875 0.4296875 0.376953125 0.21875
5 0.384765625 0.3408203125 0.259765625 0.16796875
5 0.2490234375 0.2001953125 0.3125 0.12890625
5 0.3818359375 0.185546875 0.24609375 0.15625
5 0.658203125 0.2060546875 0.15625 0.310546875
5 0.7724609375 0.3134765625 0.28515625 0.111328125
5 0.845703125 0.26953125 0.2421875 0.140625
5 0.947265625 0.451171875 0.10546875 0.19921875
5 0.2001953125 0.755859375 0.21484375 0.12109375
5 0.2607421875 0.6435546875 0.171875 0.134765625
5 0.4130859375 0.826171875 0.20703125 0.12109375
5 0.30859375 0.947265625 0.1953125 0.10546875