1 0.876953125 0.3515625 0.2421875 0.111328125
1 0.7724609375 0.544921875 0.146484375 0.169921875
1 0.91796875 0.162109375 0.1640625 0.125
1 0.78125 0.1201171875 0.119140625 0.10546875
1 0.671875 0.1533203125 0.123046875 0.06640625
1 0.77734375 0.197265625 0.125 0.044921875
1 0.3037109375 0.111328125 0.1796875 0.11328125
1 0.3232421875 0.19140625 0.146484375 0.07421875
1 0.1962890625 0.3046875 0.1875 0.072265625
1 0.5 0.306640625 0.189453125 0.15625
1 0.61328125 0.2001953125 0.125 0.05859375
1 0.90625 0.2255859375 0.115234375 0.06640625
1 0.6787109375 0.365234375 0.125 0.08203125
1 0.7548828125 0.4208984375 0.095703125 0.04296875
1 0.583984375 0.513671875 0.12890625 0.1640625
1 0.298828125 0.435546875 0.28515625 0.134765625
1 0.1513671875 0.33984375 0.140625 0.08203125
1 0.1279296875 0.525390625 0.10546875 0.09375
1 0.0634765625 0.642578125 0.125 0.080078125
1 0.1767578125 0.5673828125 0.064453125 0.060546875
1 0.736328125 0.248046875 0.1171875 0.048828125
1 0.6435546875 0.45703125 0.08984375 0.091796875
1 0.2666015625 0.529296875 0.12109375 0.10546875
1 0.1728515625 0.7099609375 0.123046875 0.09765625
1 0.26953125 0.6953125 0.0703125 0.056640625
1 0.3486328125 0.5791015625 0.12109375 0.095703125
1 0.4365234375 0.58203125 0.064453125 0.09375
1 0.400390625 0.66015625 0.07421875 0.0703125
1 0.330078125 0.3046875 0.0703125 0.068359375
1 0.4072265625 0.32421875 0.076171875 0.076171875
1 0.1083984375 0.181640625 0.09375 0.05078125
1 0.1123046875 0.103515625 0.08203125 0.041015625
1 0.4140625 0.1025390625 0.041015625 0.0546875
1 0.630859375 0.796875 0.16015625 0.078125
1 0.72265625 0.65234375 0.1171875 0.044921875
1 0.583984375 0.7314453125 0.1328125 0.0625
1 0.4892578125 0.814453125 0.08984375 0.09375
1 0.3984375 0.77734375 0.103515625 0.064453125
1 0.478515625 0.6640625 0.091796875 0.037109375
1 0.4755859375 0.587890625 0.07421875 0.095703125
1 0.1533203125 0.6416015625 0.0703125 0.04296875
1 0.2783203125 0.7880859375 0.115234375 0.091796875
1 0.16015625 0.802734375 0.0546875 0.037109375
1 0.5 0.8798828125 0.09375 0.05078125
1 0.796875 0.8681640625 0.068359375 0.060546875
1 0.8876953125 0.921875 0.125 0.052734375
1 0.8857421875 0.7392578125 0.072265625 0.083984375
1 0.609375 0.943359375 0.078125 0.056640625
1 0.6923828125 0.9150390625 0.099609375 0.048828125
1 0.0625 0.9140625 0.103515625 0.041015625
1 0.060546875 0.955078125 0.095703125 0.0703125