1 0.748046875 0.1083984375 0.435546875 0.216796875
1 0.21484375 0.099609375 0.4296875 0.19921875
1 0.7705078125 0.25390625 0.390625 0.216796875
1 0.57421875 0.5625 0.53515625 0.212890625
1 0.75390625 0.830078125 0.255859375 0.2265625
1 0.22265625 0.35546875 0.28125 0.111328125
1 0.451171875 0.2412109375 0.126953125 0.1328125
1 0.32421875 0.203125 0.12109375 0.11328125
1 0.462890625 0.4140625 0.142578125 0.140625
1 0.87109375 0.865234375 0.193359375 0.158203125
1 0.626953125 0.08203125 0.21484375 0.1640625