1 0.251953125 0.8916015625 0.435546875 0.216796875
1 0.78515625 0.900390625 0.4296875 0.19921875
1 0.2294921875 0.74609375 0.390625 0.216796875
1 0.42578125 0.4375 0.53515625 0.212890625
1 0.24609375 0.169921875 0.255859375 0.2265625
1 0.77734375 0.64453125 0.28125 0.111328125
1 0.548828125 0.7587890625 0.126953125 0.1328125
1 0.67578125 0.796875 0.12109375 0.11328125
1 0.537109375 0.5859375 0.142578125 0.140625
1 0.12890625 0.134765625 0.193359375 0.158203125
1 0.373046875 0.91796875 0.21484375 0.1640625