3 0.326171875 0.755859375 0.306640625 0.291015625
3 0.537109375 0.62109375 0.119140625 0.154296875
3 0.619140625 0.4443359375 0.3046875 0.21875
3 0.822265625 0.68359375 0.19140625 0.3515625
3 0.74609375 0.3193359375 0.13671875 0.12890625
3 0.8427734375 0.171875 0.314453125 0.234375
3 0.876953125 0.326171875 0.130859375 0.203125
3 0.67578125 0.556640625 0.1328125 0.115234375
3 0.75 0.775390625 0.279296875 0.306640625
3 0.3564453125 0.142578125 0.177734375 0.28515625
3 0.1416015625 0.640625 0.265625 0.291015625
3 0.154296875 0.3916015625 0.30859375 0.2734375