3 0.3359375 0.544921875 0.177734375 0.1875
3 0.265625 0.736328125 0.11328125 0.169921875
3 0.435546875 0.6923828125 0.23828125 0.130859375
3 0.677734375 0.4794921875 0.14453125 0.271484375
3 0.55078125 0.2421875 0.25 0.1484375
1 0.212890625 0.3671875 0.359375 0.13671875
1 0.1044921875 0.51171875 0.19921875 0.142578125
1 0.13671875 0.1435546875 0.2734375 0.287109375
1 0.134765625 0.857421875 0.26953125 0.23046875
1 0.09765625 0.6708984375 0.1953125 0.142578125
3 0.837890625 0.32421875 0.265625 0.1171875