3 0.673828125 0.244140625 0.306640625 0.291015625
3 0.462890625 0.37890625 0.119140625 0.154296875
3 0.380859375 0.5556640625 0.3046875 0.21875
3 0.177734375 0.31640625 0.19140625 0.3515625
3 0.25390625 0.6806640625 0.13671875 0.12890625
3 0.1572265625 0.828125 0.314453125 0.236328125
3 0.123046875 0.673828125 0.130859375 0.203125
3 0.32421875 0.443359375 0.1328125 0.115234375
3 0.25 0.224609375 0.279296875 0.306640625
3 0.6435546875 0.857421875 0.177734375 0.28515625
3 0.8583984375 0.359375 0.265625 0.291015625
3 0.845703125 0.6083984375 0.30859375 0.2734375