8 0.4970703125 0.578125 0.123046875 0.07421875
8 0.6357421875 0.517578125 0.099609375 0.0859375
8 0.78125 0.123046875 0.13671875 0.15625
8 0.8232421875 0.2314453125 0.087890625 0.0546875
8 0.708984375 0.240234375 0.068359375 0.07421875
8 0.8779296875 0.3466796875 0.10546875 0.1015625
8 0.6337890625 0.2763671875 0.15234375 0.10546875
8 0.814453125 0.521484375 0.0625 0.08203125
8 0.91015625 0.46875 0.140625 0.12890625
8 0.7001953125 0.3740234375 0.064453125 0.0703125
8 0.607421875 0.73046875 0.078125 0.10546875
8 0.244140625 0.587890625 0.12890625 0.109375
8 0.427734375 0.833984375 0.2265625 0.21875
8 0.4296875 0.513671875 0.255859375 0.21484375
8 0.1611328125 0.728515625 0.26953125 0.30078125