8 0.55859375 0.578125 0.0703125 0.078125
8 0.85546875 0.876953125 0.1171875 0.056640625
8 0.7666015625 0.8671875 0.08984375 0.0625
8 0.7265625 0.7470703125 0.140625 0.05859375
8 0.8349609375 0.521484375 0.08203125 0.095703125
8 0.404296875 0.443359375 0.140625 0.056640625
8 0.3779296875 0.3671875 0.12109375 0.078125
8 0.4052734375 0.2890625 0.0859375 0.115234375
8 0.8994140625 0.3935546875 0.10546875 0.109375
8 0.517578125 0.6826171875 0.05078125 0.0625
8 0.34375 0.8359375 0.21875 0.169921875
8 0.375 0.568359375 0.0625 0.05078125
8 0.8408203125 0.8125 0.125 0.0703125
8 0.640625 0.2236328125 0.15234375 0.083984375
8 0.4921875 0.287109375 0.15625 0.091796875
8 0.5546875 0.392578125 0.09375 0.09375
8 0.7236328125 0.4189453125 0.109375 0.125
8 0.6171875 0.6689453125 0.125 0.056640625
8 0.583984375 0.787109375 0.11328125 0.15625