8 0.462890625 0.89453125 0.09765625 0.09765625
8 0.837890625 0.6083984375 0.17578125 0.130859375
8 0.4384765625 0.5986328125 0.0703125 0.0703125
8 0.52734375 0.453125 0.0859375 0.078125
8 0.310546875 0.291015625 0.15234375 0.130859375
8 0.6875 0.9130859375 0.203125 0.07421875
8 0.4521484375 0.400390625 0.08203125 0.095703125
8 0.60546875 0.3095703125 0.1171875 0.1328125
8 0.7705078125 0.43359375 0.15625 0.0859375
8 0.6162109375 0.46875 0.08203125 0.078125
8 0.4462890625 0.5205078125 0.05859375 0.080078125
8 0.65625 0.740234375 0.15625 0.115234375
8 0.365234375 0.8515625 0.19921875 0.13671875
8 0.365234375 0.703125 0.16796875 0.107421875
8 0.8037109375 0.2548828125 0.14453125 0.13671875
8 0.8662109375 0.703125 0.16015625 0.115234375