8 0.44140625 0.421875 0.0703125 0.078125
8 0.14453125 0.123046875 0.1171875 0.056640625
8 0.2333984375 0.1328125 0.08984375 0.0625
8 0.2734375 0.2529296875 0.140625 0.05859375
8 0.1650390625 0.478515625 0.08203125 0.095703125
8 0.595703125 0.556640625 0.140625 0.056640625
8 0.6220703125 0.6328125 0.12109375 0.078125
8 0.5947265625 0.7109375 0.0859375 0.115234375
8 0.1005859375 0.6064453125 0.10546875 0.109375
8 0.482421875 0.3173828125 0.05078125 0.0625
8 0.65625 0.1640625 0.21875 0.169921875
8 0.625 0.431640625 0.0625 0.05078125
8 0.1591796875 0.1875 0.125 0.0703125
8 0.359375 0.7763671875 0.15234375 0.083984375
8 0.5078125 0.712890625 0.15625 0.091796875
8 0.4453125 0.607421875 0.09375 0.09375
8 0.2763671875 0.5810546875 0.109375 0.125
8 0.3828125 0.3310546875 0.125 0.056640625
8 0.416015625 0.212890625 0.11328125 0.15625