2 0.5771484375 0.4912109375 0.2265625 0.2265625
2 0.4306640625 0.8955078125 0.14453125 0.208984375
2 0.712890625 0.23828125 0.427734375 0.185546875
2 0.7060546875 0.392578125 0.50390625 0.203125
2 0.841796875 0.759765625 0.30078125 0.25390625
2 0.234375 0.900390625 0.29296875 0.173828125
2 0.255859375 0.6865234375 0.3125 0.201171875
2 0.5361328125 0.6474609375 0.26953125 0.208984375
2 0.1875 0.44921875 0.373046875 0.234375
2 0.3173828125 0.3408203125 0.25 0.21875
2 0.322265625 0.18359375 0.4140625 0.20703125
2 0.5751953125 0.0771484375 0.498046875 0.1484375