2 0.232421875 0.1025390625 0.435546875 0.14453125
2 0.720703125 0.0947265625 0.423828125 0.1875
2 0.8955078125 0.765625 0.1875 0.111328125
2 0.47265625 0.9208984375 0.5234375 0.158203125
2 0.5517578125 0.7236328125 0.263671875 0.2578125
2 0.2314453125 0.44140625 0.23828125 0.36328125
2 0.5966796875 0.4765625 0.34375 0.359375
1 0.4326171875 0.361328125 0.15234375 0.20703125
1 0.515625 0.1474609375 0.158203125 0.134765625
2 0.8203125 0.9541015625 0.359375 0.091796875
1 0.779296875 0.68359375 0.123046875 0.1796875
1 0.64453125 0.251953125 0.1015625 0.08203125