8 0.2333984375 0.689453125 0.1796875 0.109375
8 0.505859375 0.7666015625 0.150390625 0.13671875
8 0.5654296875 0.3701171875 0.224609375 0.11328125
8 0.8466796875 0.5029296875 0.306640625 0.22265625
8 0.5322265625 0.5751953125 0.154296875 0.1640625
8 0.7099609375 0.572265625 0.25 0.15625
8 0.330078125 0.3642578125 0.130859375 0.14453125
8 0.583984375 0.451171875 0.203125 0.1171875
8 0.248046875 0.22265625 0.33984375 0.16796875
8 0.64453125 0.236328125 0.302734375 0.13671875
8 0.353515625 0.9521484375 0.1875 0.095703125
8 0.66015625 0.8349609375 0.158203125 0.20703125
8 0.5361328125 0.8564453125 0.0859375 0.08203125
8 0.1357421875 0.8701171875 0.1640625 0.08984375