2 0.5625 0.4228515625 0.26171875 0.109375
2 0.7373046875 0.3310546875 0.140625 0.177734375
2 0.4169921875 0.7177734375 0.33203125 0.14453125
2 0.5576171875 0.626953125 0.255859375 0.1015625
2 0.287109375 0.5478515625 0.25390625 0.1328125
2 0.123046875 0.4697265625 0.10546875 0.1328125
2 0.455078125 0.50390625 0.248046875 0.1328125
1 0.759765625 0.5791015625 0.17578125 0.216796875
2 0.4150390625 0.1982421875 0.140625 0.171875
2 0.5830078125 0.3046875 0.2578125 0.19921875
1 0.8525390625 0.826171875 0.2578125 0.130859375