2 0.4375 0.5771484375 0.26171875 0.109375
2 0.2626953125 0.6689453125 0.140625 0.177734375
2 0.5830078125 0.2822265625 0.33203125 0.14453125
2 0.4423828125 0.373046875 0.255859375 0.1015625
2 0.712890625 0.4521484375 0.25390625 0.1328125
2 0.876953125 0.5302734375 0.10546875 0.1328125
2 0.544921875 0.49609375 0.248046875 0.1328125
1 0.240234375 0.4208984375 0.17578125 0.216796875
2 0.5849609375 0.8017578125 0.140625 0.171875
2 0.4169921875 0.6953125 0.2578125 0.19921875
1 0.1474609375 0.173828125 0.2578125 0.130859375