4 0.56640625 0.1484375 0.265625 0.0703125
4 0.720703125 0.6630859375 0.345703125 0.091796875
4 0.5068359375 0.8203125 0.236328125 0.203125
4 0.3095703125 0.873046875 0.15625 0.125
4 0.3232421875 0.78125 0.15625 0.119140625
4 0.4365234375 0.7197265625 0.169921875 0.064453125
4 0.693359375 0.2587890625 0.060546875 0.08984375
4 0.693359375 0.375 0.1015625 0.078125
4 0.544921875 0.3359375 0.05859375 0.083984375
4 0.38671875 0.224609375 0.376953125 0.126953125
4 0.3984375 0.3515625 0.171875 0.103515625
4 0.5849609375 0.46484375 0.13671875 0.1015625
4 0.5302734375 0.58984375 0.1875 0.08203125