3 0.7734375 0.75 0.185546875 0.146484375
3 0.82421875 0.2109375 0.33984375 0.203125
3 0.5986328125 0.7919921875 0.12109375 0.10546875
3 0.3203125 0.5478515625 0.095703125 0.19140625
3 0.216796875 0.2099609375 0.11328125 0.2421875
3 0.119140625 0.26171875 0.115234375 0.111328125
1 0.1689453125 0.4248046875 0.12890625 0.15234375
1 0.39453125 0.388671875 0.232421875 0.25
1 0.6044921875 0.166015625 0.197265625 0.16796875
1 0.5595703125 0.4111328125 0.162109375 0.291015625
1 0.7412109375 0.576171875 0.232421875 0.107421875
1 0.46484375 0.736328125 0.107421875 0.115234375
1 0.541015625 0.703125 0.083984375 0.09375
1 0.6591796875 0.626953125 0.15234375 0.095703125
1 0.5078125 0.4716796875 0.115234375 0.23046875
1 0.7724609375 0.8291015625 0.19140625 0.13671875
1 0.6279296875 0.7099609375 0.10546875 0.080078125