4 0.43359375 0.8515625 0.265625 0.0703125
4 0.279296875 0.3369140625 0.345703125 0.091796875
4 0.4931640625 0.1796875 0.236328125 0.203125
4 0.6904296875 0.126953125 0.15625 0.125
4 0.6767578125 0.21875 0.15625 0.119140625
4 0.5634765625 0.2802734375 0.169921875 0.064453125
4 0.306640625 0.7412109375 0.060546875 0.08984375
4 0.306640625 0.625 0.1015625 0.078125
4 0.455078125 0.6640625 0.05859375 0.083984375
4 0.61328125 0.775390625 0.376953125 0.126953125
4 0.6015625 0.6484375 0.171875 0.103515625
4 0.4150390625 0.53515625 0.13671875 0.1015625
4 0.4697265625 0.41015625 0.1875 0.08203125