3 0.1728515625 0.52734375 0.3203125 0.177734375
3 0.4482421875 0.3916015625 0.1796875 0.265625
3 0.2734375 0.341796875 0.232421875 0.28515625
3 0.7255859375 0.833984375 0.177734375 0.087890625
3 0.5361328125 0.904296875 0.154296875 0.123046875
3 0.345703125 0.7919921875 0.1640625 0.12890625
3 0.51953125 0.591796875 0.171875 0.185546875
3 0.091796875 0.8564453125 0.18359375 0.23828125
1 0.61328125 0.123046875 0.3671875 0.24609375
1 0.607421875 0.3017578125 0.26953125 0.140625
1 0.90625 0.34375 0.1875 0.125
1 0.869140625 0.7724609375 0.26171875 0.134765625
1 0.693359375 0.55078125 0.1953125 0.240234375
3 0.390625 0.6640625 0.072265625 0.1015625