3 0.8271484375 0.47265625 0.3203125 0.177734375
3 0.5517578125 0.6083984375 0.1796875 0.265625
3 0.7265625 0.658203125 0.232421875 0.28515625
3 0.2744140625 0.166015625 0.177734375 0.087890625
3 0.4638671875 0.095703125 0.154296875 0.123046875
3 0.654296875 0.2080078125 0.1640625 0.12890625
3 0.48046875 0.408203125 0.171875 0.185546875
3 0.908203125 0.1435546875 0.18359375 0.23828125
1 0.38671875 0.876953125 0.3671875 0.24609375
1 0.392578125 0.6982421875 0.26953125 0.140625
1 0.09375 0.65625 0.1875 0.125
1 0.130859375 0.2275390625 0.26171875 0.134765625
1 0.306640625 0.44921875 0.1953125 0.240234375
3 0.609375 0.3359375 0.072265625 0.1015625