0 0.2578125 0.4990234375 0.30078125 0.2890625
0 0.59375 0.4873046875 0.375 0.181640625
0 0.685546875 0.7353515625 0.248046875 0.203125
0 0.8037109375 0.1953125 0.3046875 0.33984375
0 0.6083984375 0.13671875 0.23046875 0.2734375
0 0.357421875 0.26171875 0.28515625 0.169921875
0 0.3720703125 0.111328125 0.455078125 0.22265625
0 0.826171875 0.509765625 0.34765625 0.27734375
0 0.47265625 0.79296875 0.1875 0.193359375
0 0.1279296875 0.8916015625 0.255859375 0.216796875
0 0.0771484375 0.6328125 0.15234375 0.322265625
0 0.37890625 0.8876953125 0.1328125 0.12890625