6 0.15234375 0.66796875 0.203125 0.1484375
6 0.0869140625 0.431640625 0.171875 0.119140625
6 0.4560546875 0.185546875 0.22265625 0.08203125
6 0.1904296875 0.2060546875 0.37890625 0.25390625
6 0.609375 0.4150390625 0.2109375 0.125
6 0.5166015625 0.548828125 0.37109375 0.1796875
6 0.80859375 0.5625 0.1953125 0.150390625
6 0.7138671875 0.466796875 0.177734375 0.06640625
6 0.5859375 0.740234375 0.1640625 0.134765625
6 0.431640625 0.1240234375 0.216796875 0.06640625
6 0.7919921875 0.23046875 0.24609375 0.04296875
6 0.8583984375 0.744140625 0.2734375 0.1796875