6 0.33203125 0.15234375 0.1484375 0.203125
6 0.568359375 0.0869140625 0.119140625 0.171875
6 0.814453125 0.4560546875 0.08203125 0.22265625
6 0.7939453125 0.1904296875 0.25390625 0.37890625
6 0.5849609375 0.609375 0.125 0.2109375
6 0.451171875 0.5166015625 0.1796875 0.37109375
6 0.4375 0.80859375 0.150390625 0.1953125
6 0.533203125 0.7138671875 0.06640625 0.177734375
6 0.259765625 0.5859375 0.134765625 0.1640625
6 0.8759765625 0.431640625 0.06640625 0.216796875
6 0.76953125 0.7919921875 0.04296875 0.24609375
6 0.255859375 0.8583984375 0.1796875 0.2734375