8 0.353515625 0.6025390625 0.12109375 0.125
8 0.37890625 0.87890625 0.12109375 0.1328125
8 0.5263671875 0.6357421875 0.1640625 0.125
8 0.7060546875 0.89453125 0.138671875 0.087890625
8 0.5810546875 0.921875 0.146484375 0.12890625
8 0.7470703125 0.783203125 0.19140625 0.12109375
8 0.7080078125 0.6298828125 0.16796875 0.13671875
8 0.888671875 0.58984375 0.19140625 0.12890625
8 0.447265625 0.1162109375 0.17578125 0.0859375
8 0.2275390625 0.0849609375 0.181640625 0.080078125
8 0.115234375 0.2138671875 0.16015625 0.0859375
8 0.2421875 0.3505859375 0.3125 0.16796875
8 0.189453125 0.8955078125 0.146484375 0.1171875
8 0.103515625 0.8212890625 0.1875 0.1015625
8 0.1865234375 0.7568359375 0.111328125 0.09765625
8 0.7275390625 0.50390625 0.140625 0.09765625