8 0.6240234375 0.9541015625 0.080078125 0.091796875
8 0.87109375 0.5654296875 0.087890625 0.03515625
8 0.908203125 0.4013671875 0.134765625 0.06640625
8 0.8095703125 0.634765625 0.10546875 0.080078125
8 0.7744140625 0.107421875 0.05859375 0.078125
8 0.703125 0.6923828125 0.111328125 0.07421875
8 0.818359375 0.3232421875 0.146484375 0.060546875
8 0.7783203125 0.2294921875 0.14453125 0.0546875
8 0.376953125 0.646484375 0.08203125 0.0390625
8 0.3798828125 0.595703125 0.08203125 0.048828125
8 0.404296875 0.533203125 0.0703125 0.044921875
8 0.43359375 0.4755859375 0.068359375 0.0546875
8 0.640625 0.5380859375 0.134765625 0.044921875
8 0.712890625 0.4775390625 0.07421875 0.076171875
8 0.4853515625 0.3994140625 0.076171875 0.09375
8 0.404296875 0.517578125 0.375 0.31640625
8 0.5927734375 0.9052734375 0.26171875 0.189453125