8 0.158203125 0.544921875 0.0625 0.1015625
8 0.31640625 0.19921875 0.15625 0.16796875
8 0.111328125 0.6552734375 0.08203125 0.10546875
8 0.16796875 0.4287109375 0.0859375 0.04296875
8 0.140625 0.2041015625 0.103515625 0.06640625
8 0.2412109375 0.2919921875 0.078125 0.0390625
8 0.228515625 0.2158203125 0.09765625 0.0625
8 0.1416015625 0.2578125 0.109375 0.0546875
8 0.408203125 0.2705078125 0.126953125 0.1171875
8 0.568359375 0.240234375 0.06640625 0.09765625
8 0.6806640625 0.298828125 0.140625 0.078125
8 0.693359375 0.208984375 0.11328125 0.1015625
8 0.46484375 0.37890625 0.07421875 0.0703125
8 0.4287109375 0.4853515625 0.078125 0.07421875
8 0.3720703125 0.3984375 0.125 0.056640625
8 0.6083984375 0.4990234375 0.08203125 0.044921875
8 0.6025390625 0.4541015625 0.060546875 0.041015625
8 0.65234375 0.4560546875 0.09375 0.0625
8 0.5869140625 0.609375 0.12890625 0.05859375
8 0.6025390625 0.6865234375 0.126953125 0.07421875
8 0.58984375 0.75390625 0.0859375 0.1015625
8 0.3486328125 0.81640625 0.154296875 0.076171875
8 0.2685546875 0.6376953125 0.109375 0.1171875
8 0.4306640625 0.6591796875 0.09765625 0.09375
8 0.4736328125 0.751953125 0.146484375 0.08984375
8 0.5146484375 0.533203125 0.0546875 0.06640625
8 0.1728515625 0.7001953125 0.064453125 0.056640625