8 0.0458984375 0.6240234375 0.091796875 0.080078125
8 0.4345703125 0.87109375 0.03515625 0.087890625
8 0.5986328125 0.908203125 0.0654296875 0.134765625
8 0.365234375 0.8095703125 0.080078125 0.1064453125
8 0.892578125 0.7744140625 0.0791015625 0.05859375
8 0.3076171875 0.703125 0.07421875 0.111328125
8 0.6767578125 0.818359375 0.060546875 0.146484375
8 0.7705078125 0.7783203125 0.0537109375 0.1435546875
8 0.353515625 0.376953125 0.0380859375 0.08203125
8 0.404296875 0.3798828125 0.048828125 0.08203125
8 0.466796875 0.404296875 0.044921875 0.0703125
8 0.5244140625 0.43359375 0.0556640625 0.068359375
8 0.4619140625 0.640625 0.044921875 0.134765625
8 0.5224609375 0.712890625 0.076171875 0.0732421875
8 0.6005859375 0.4853515625 0.0947265625 0.076171875
8 0.482421875 0.404296875 0.3173828125 0.3759765625
8 0.0947265625 0.5927734375 0.189453125 0.2607421875