8 0.544921875 0.841796875 0.1015625 0.0625
8 0.19921875 0.68359375 0.1689453125 0.15625
8 0.6552734375 0.888671875 0.1064453125 0.0810546875
8 0.4287109375 0.83203125 0.0419921875 0.0859375
8 0.2041015625 0.859375 0.0654296875 0.103515625
8 0.2919921875 0.7587890625 0.0390625 0.0771484375
8 0.2158203125 0.771484375 0.0615234375 0.09765625
8 0.2578125 0.8583984375 0.0546875 0.1083984375
8 0.2705078125 0.591796875 0.1171875 0.126953125
8 0.240234375 0.431640625 0.0986328125 0.06640625
8 0.298828125 0.3193359375 0.0791015625 0.1416015625
8 0.208984375 0.306640625 0.1015625 0.1123046875
8 0.37890625 0.53515625 0.0703125 0.0732421875
8 0.4853515625 0.5712890625 0.0732421875 0.0771484375
8 0.3984375 0.6279296875 0.056640625 0.125
8 0.4990234375 0.3916015625 0.044921875 0.0810546875
8 0.4541015625 0.3974609375 0.041015625 0.060546875
8 0.4560546875 0.34765625 0.0625 0.09375
8 0.609375 0.4130859375 0.0595703125 0.1279296875
8 0.6865234375 0.3974609375 0.0751953125 0.126953125
8 0.75390625 0.41015625 0.1005859375 0.0859375
8 0.81640625 0.6513671875 0.076171875 0.154296875
8 0.6376953125 0.7314453125 0.1181640625 0.1083984375
8 0.6591796875 0.5693359375 0.0927734375 0.09765625
8 0.751953125 0.5263671875 0.0908203125 0.146484375
8 0.533203125 0.4853515625 0.0673828125 0.0556640625
8 0.7001953125 0.8271484375 0.056640625 0.064453125