8 0.841796875 0.455078125 0.0625 0.1015625
8 0.68359375 0.80078125 0.15625 0.16796875
8 0.888671875 0.3447265625 0.08203125 0.10546875
8 0.83203125 0.5712890625 0.0859375 0.04296875
8 0.859375 0.7958984375 0.103515625 0.06640625
8 0.7587890625 0.7080078125 0.078125 0.0390625
8 0.771484375 0.7841796875 0.09765625 0.0625
8 0.8583984375 0.7421875 0.109375 0.0546875
8 0.591796875 0.7294921875 0.126953125 0.1171875
8 0.431640625 0.759765625 0.06640625 0.09765625
8 0.3193359375 0.701171875 0.140625 0.078125
8 0.306640625 0.791015625 0.11328125 0.1015625
8 0.53515625 0.62109375 0.07421875 0.0703125
8 0.5712890625 0.5146484375 0.078125 0.07421875
8 0.6279296875 0.6015625 0.125 0.056640625
8 0.3916015625 0.5009765625 0.08203125 0.044921875
8 0.3974609375 0.5458984375 0.060546875 0.041015625
8 0.34765625 0.5439453125 0.09375 0.0625
8 0.4130859375 0.390625 0.12890625 0.05859375
8 0.3974609375 0.3134765625 0.126953125 0.07421875
8 0.41015625 0.24609375 0.0859375 0.1015625
8 0.6513671875 0.18359375 0.154296875 0.076171875
8 0.7314453125 0.3623046875 0.109375 0.1171875
8 0.5693359375 0.3408203125 0.09765625 0.09375
8 0.5263671875 0.248046875 0.146484375 0.08984375
8 0.4853515625 0.466796875 0.0546875 0.06640625
8 0.8271484375 0.2998046875 0.064453125 0.056640625