3 0.3984375 0.0810546875 0.263671875 0.15234375
3 0.60546875 0.52734375 0.125 0.13671875
3 0.638671875 0.615234375 0.125 0.0703125
3 0.4296875 0.9248046875 0.111328125 0.126953125
3 0.31640625 0.9111328125 0.208984375 0.1328125
3 0.51953125 0.59765625 0.09765625 0.087890625
3 0.3896484375 0.3818359375 0.091796875 0.091796875
3 0.2724609375 0.345703125 0.14453125 0.07421875
3 0.064453125 0.390625 0.126953125 0.0703125
1 0.5009765625 0.41015625 0.1328125 0.123046875
1 0.3193359375 0.4326171875 0.103515625 0.125
1 0.62890625 0.3857421875 0.08984375 0.1171875
1 0.697265625 0.2685546875 0.13671875 0.09765625
1 0.80078125 0.8095703125 0.140625 0.08203125
1 0.7177734375 0.90625 0.095703125 0.109375
1 0.8203125 0.892578125 0.10546875 0.09765625
1 0.5556640625 0.1103515625 0.09375 0.150390625
1 0.72265625 0.369140625 0.107421875 0.109375
1 0.4091796875 0.1884765625 0.16796875 0.07421875
1 0.6298828125 0.8603515625 0.09765625 0.083984375
1 0.697265625 0.775390625 0.06640625 0.080078125
1 0.58984375 0.7041015625 0.11328125 0.138671875
1 0.3876953125 0.54296875 0.07421875 0.0703125
1 0.4609375 0.4951171875 0.083984375 0.04296875
1 0.888671875 0.72265625 0.08984375 0.068359375
3 0.25390625 0.443359375 0.0546875 0.072265625