3 0.0810546875 0.6015625 0.15234375 0.26171875
3 0.52734375 0.39453125 0.13671875 0.125
3 0.615234375 0.361328125 0.0703125 0.125
3 0.9248046875 0.5703125 0.126953125 0.111328125
3 0.9111328125 0.68359375 0.1328125 0.208984375
3 0.59765625 0.48046875 0.087890625 0.09765625
3 0.3818359375 0.6103515625 0.091796875 0.091796875
3 0.345703125 0.7275390625 0.07421875 0.14453125
3 0.390625 0.935546875 0.0703125 0.126953125
1 0.41015625 0.4990234375 0.123046875 0.1328125
1 0.4326171875 0.6806640625 0.125 0.103515625
1 0.3857421875 0.37109375 0.1171875 0.08984375
1 0.2685546875 0.302734375 0.09765625 0.13671875
1 0.8095703125 0.19921875 0.08203125 0.140625
1 0.90625 0.2822265625 0.109375 0.095703125
1 0.892578125 0.1796875 0.09765625 0.10546875
1 0.1103515625 0.4443359375 0.150390625 0.09375
1 0.369140625 0.27734375 0.109375 0.107421875
1 0.1884765625 0.5908203125 0.07421875 0.16796875
1 0.8603515625 0.3701171875 0.083984375 0.09765625
1 0.775390625 0.302734375 0.078125 0.06640625
1 0.7041015625 0.41015625 0.138671875 0.11328125
1 0.54296875 0.6123046875 0.0703125 0.07421875
1 0.4951171875 0.5390625 0.04296875 0.083984375
1 0.72265625 0.111328125 0.068359375 0.08984375
3 0.443359375 0.74609375 0.072265625 0.0546875