6 0.37109375 0.7880859375 0.22265625 0.423828125
6 0.126953125 0.455078125 0.25390625 0.21484375
6 0.4423828125 0.623046875 0.140625 0.12890625
6 0.72265625 0.4208984375 0.296875 0.271484375
6 0.552734375 0.173828125 0.2890625 0.345703125
6 0.8583984375 0.7890625 0.28125 0.3046875
6 0.5693359375 0.810546875 0.177734375 0.337890625
6 0.6552734375 0.7080078125 0.072265625 0.091796875
6 0.6669921875 0.57421875 0.0703125 0.1015625
6 0.5263671875 0.4111328125 0.12890625 0.166015625
6 0.37890625 0.125 0.1875 0.24609375
6 0.4541015625 0.4140625 0.044921875 0.06640625
6 0.3212890625 0.4423828125 0.07421875 0.05859375