6 0.15625 0.853515625 0.3125 0.22265625
6 0.435546875 0.263671875 0.11328125 0.1015625
6 0.3095703125 0.224609375 0.1640625 0.12109375
6 0.7470703125 0.9013671875 0.3125 0.1953125
6 0.8642578125 0.6240234375 0.271484375 0.244140625
6 0.5390625 0.4111328125 0.30078125 0.203125
6 0.5009765625 0.2705078125 0.1171875 0.08203125
6 0.603515625 0.8310546875 0.171875 0.091796875
6 0.5205078125 0.7119140625 0.140625 0.115234375
6 0.6005859375 0.6455078125 0.125 0.09375
6 0.7275390625 0.669921875 0.162109375 0.04296875
6 0.6787109375 0.2548828125 0.23046875 0.13671875
6 0.76953125 0.490234375 0.06640625 0.115234375
6 0.8388671875 0.5107421875 0.15234375 0.109375
6 0.7060546875 0.474609375 0.0546875 0.08984375
6 0.7998046875 0.0693359375 0.279296875 0.138671875
6 0.0703125 0.384765625 0.140625 0.140625