7 0.5458984375 0.1103515625 0.3046875 0.19921875
7 0.224609375 0.3125 0.44921875 0.171875
7 0.275390625 0.8564453125 0.55078125 0.287109375
7 0.2578125 0.6572265625 0.515625 0.228515625
7 0.41015625 0.458984375 0.44140625 0.197265625
7 0.158203125 0.0908203125 0.31640625 0.169921875
7 0.673828125 0.4140625 0.109375 0.09765625
7 0.638671875 0.5517578125 0.166015625 0.06640625
7 0.8857421875 0.6708984375 0.2265625 0.12890625
7 0.6884765625 0.869140625 0.35546875 0.248046875
7 0.65625 0.7822265625 0.125 0.0703125