7 0.2998046875 0.7138671875 0.208984375 0.16015625
7 0.2666015625 0.50390625 0.19140625 0.26953125
7 0.208984375 0.1083984375 0.203125 0.21484375
7 0.771484375 0.5419921875 0.33984375 0.29296875
7 0.6357421875 0.615234375 0.07421875 0.23046875
7 0.623046875 0.271484375 0.1875 0.14453125
7 0.7783203125 0.1083984375 0.384765625 0.21484375
7 0.416015625 0.3203125 0.15625 0.130859375
7 0.5556640625 0.572265625 0.06640625 0.1796875
7 0.48046875 0.51953125 0.1015625 0.173828125
7 0.5244140625 0.1806640625 0.115234375 0.251953125
7 0.669921875 0.8603515625 0.126953125 0.203125