7 0.7001953125 0.2861328125 0.208984375 0.16015625
7 0.7333984375 0.49609375 0.19140625 0.26953125
7 0.791015625 0.8916015625 0.203125 0.216796875
7 0.228515625 0.4580078125 0.33984375 0.29296875
7 0.3642578125 0.384765625 0.07421875 0.23046875
7 0.376953125 0.728515625 0.1875 0.14453125
7 0.2216796875 0.8916015625 0.384765625 0.216796875
7 0.583984375 0.6796875 0.15625 0.130859375
7 0.4443359375 0.427734375 0.06640625 0.1796875
7 0.51953125 0.48046875 0.1015625 0.173828125
7 0.4755859375 0.8193359375 0.115234375 0.251953125
7 0.330078125 0.1396484375 0.126953125 0.203125