7 0.181640625 0.4033203125 0.36328125 0.162109375
7 0.1162109375 0.1767578125 0.23046875 0.15234375
7 0.5693359375 0.4970703125 0.10546875 0.095703125
7 0.318359375 0.53125 0.41796875 0.1953125
7 0.77734375 0.7568359375 0.263671875 0.123046875
7 0.205078125 0.7119140625 0.41015625 0.208984375
7 0.4541015625 0.220703125 0.296875 0.1875
7 0.6103515625 0.439453125 0.16796875 0.103515625
7 0.2001953125 0.890625 0.3984375 0.21875
7 0.517578125 0.8564453125 0.109375 0.0703125
7 0.54296875 0.9140625 0.3515625 0.171875
7 0.515625 0.6328125 0.16796875 0.06640625
7 0.8935546875 0.568359375 0.212890625 0.107421875
7 0.80078125 0.216796875 0.30078125 0.11328125