7 0.818359375 0.5966796875 0.36328125 0.162109375
7 0.8837890625 0.8232421875 0.23046875 0.15234375
7 0.4306640625 0.5029296875 0.10546875 0.095703125
7 0.681640625 0.46875 0.41796875 0.1953125
7 0.22265625 0.2431640625 0.263671875 0.12109375
7 0.794921875 0.2880859375 0.41015625 0.20703125
7 0.5458984375 0.779296875 0.296875 0.1875
7 0.3896484375 0.560546875 0.16796875 0.103515625
7 0.7998046875 0.109375 0.3984375 0.21875
7 0.482421875 0.1435546875 0.109375 0.0703125
7 0.45703125 0.0859375 0.3515625 0.171875
7 0.484375 0.3671875 0.16796875 0.06640625
7 0.1064453125 0.431640625 0.212890625 0.107421875
7 0.19921875 0.783203125 0.30078125 0.115234375