7 0.1103515625 0.4541015625 0.19921875 0.3046875
7 0.3125 0.775390625 0.171875 0.44921875
7 0.8564453125 0.724609375 0.287109375 0.55078125
7 0.6572265625 0.7421875 0.228515625 0.515625
7 0.458984375 0.58984375 0.197265625 0.44140625
7 0.0908203125 0.841796875 0.169921875 0.31640625
7 0.4140625 0.326171875 0.09765625 0.109375
7 0.5517578125 0.361328125 0.06640625 0.166015625
7 0.6708984375 0.1142578125 0.12890625 0.2265625
7 0.8681640625 0.310546875 0.24609375 0.35546875
7 0.7822265625 0.3447265625 0.0703125 0.125