7 0.4033203125 0.818359375 0.162109375 0.36328125
7 0.1767578125 0.8837890625 0.15234375 0.23046875
7 0.4970703125 0.4306640625 0.095703125 0.10546875
7 0.53125 0.681640625 0.1953125 0.41796875
7 0.7568359375 0.22265625 0.12109375 0.263671875
7 0.7119140625 0.794921875 0.20703125 0.41015625
7 0.220703125 0.5458984375 0.1875 0.296875
7 0.439453125 0.3896484375 0.103515625 0.16796875
7 0.890625 0.7998046875 0.21875 0.3984375
7 0.8564453125 0.482421875 0.0703125 0.109375
7 0.9140625 0.45703125 0.171875 0.3515625
7 0.6328125 0.484375 0.06640625 0.16796875
7 0.568359375 0.1064453125 0.107421875 0.212890625
7 0.216796875 0.19921875 0.11328125 0.30078125