7 0.4541015625 0.8896484375 0.3046875 0.19921875
7 0.775390625 0.6875 0.44921875 0.171875
7 0.724609375 0.1435546875 0.55078125 0.287109375
7 0.7421875 0.3427734375 0.515625 0.228515625
7 0.58984375 0.541015625 0.44140625 0.197265625
7 0.841796875 0.9091796875 0.31640625 0.169921875
7 0.326171875 0.5859375 0.109375 0.09765625
7 0.361328125 0.4482421875 0.166015625 0.06640625
7 0.1142578125 0.3291015625 0.2265625 0.12890625
7 0.3115234375 0.130859375 0.35546875 0.24609375
7 0.34375 0.2177734375 0.125 0.0703125