8 0.3203125 0.22265625 0.47265625 0.201171875
8 0.62890625 0.6533203125 0.13671875 0.12890625
8 0.5595703125 0.5302734375 0.099609375 0.1796875
8 0.2568359375 0.9111328125 0.10546875 0.146484375
8 0.4765625 0.3994140625 0.2890625 0.154296875
8 0.693359375 0.23828125 0.19140625 0.259765625
8 0.5732421875 0.2255859375 0.1171875 0.203125
8 0.4990234375 0.8173828125 0.181640625 0.146484375
8 0.228515625 0.638671875 0.234375 0.296875
8 0.3798828125 0.5224609375 0.240234375 0.3046875
8 0.302734375 0.1162109375 0.60546875 0.232421875
8 0.107421875 0.826171875 0.21484375 0.326171875
8 0.7216796875 0.3828125 0.240234375 0.20703125
8 0.275390625 0.326171875 0.21484375 0.146484375