8 0.6796875 0.77734375 0.47265625 0.201171875
8 0.37109375 0.3466796875 0.13671875 0.12890625
8 0.4404296875 0.4697265625 0.099609375 0.1796875
8 0.7431640625 0.0888671875 0.10546875 0.146484375
8 0.5234375 0.6005859375 0.2890625 0.154296875
8 0.306640625 0.76171875 0.19140625 0.259765625
8 0.4267578125 0.7744140625 0.1171875 0.203125
8 0.5009765625 0.1826171875 0.181640625 0.146484375
8 0.771484375 0.361328125 0.234375 0.296875
8 0.6201171875 0.4775390625 0.240234375 0.3046875
8 0.697265625 0.8837890625 0.60546875 0.232421875
8 0.892578125 0.173828125 0.21484375 0.326171875
8 0.2783203125 0.6171875 0.240234375 0.20703125
8 0.724609375 0.673828125 0.21484375 0.146484375