1 0.4365234375 0.2578125 0.38671875 0.16015625
1 0.5029296875 0.40625 0.41015625 0.150390625
1 0.5205078125 0.5029296875 0.21875 0.08203125
1 0.576171875 0.1533203125 0.294921875 0.1875
1 0.3935546875 0.1181640625 0.3203125 0.12890625
1 0.8271484375 0.64453125 0.18359375 0.146484375
1 0.6982421875 0.74609375 0.19140625 0.130859375
1 0.5751953125 0.6044921875 0.109375 0.140625
1 0.4150390625 0.6767578125 0.32421875 0.16015625
1 0.5556640625 0.853515625 0.169921875 0.21875
1 0.3203125 0.8154296875 0.34375 0.2578125