8 0.3154296875 0.142578125 0.150390625 0.203125
8 0.7939453125 0.15234375 0.18359375 0.146484375
8 0.4140625 0.7880859375 0.140625 0.2255859375
8 0.578125 0.451171875 0.1279296875 0.1259765625
8 0.0712890625 0.5068359375 0.1376953125 0.1640625
8 0.103515625 0.1923828125 0.08984375 0.1484375
8 0.212890625 0.18359375 0.091796875 0.12109375
8 0.5986328125 0.2236328125 0.0888671875 0.138671875
8 0.7783203125 0.4755859375 0.33984375 0.21484375
8 0.8037109375 0.626953125 0.2763671875 0.197265625
8 0.4345703125 0.6201171875 0.220703125 0.2158203125
8 0.6884765625 0.8232421875 0.2822265625 0.353515625