1 0.5634765625 0.7421875 0.38671875 0.16015625
1 0.4970703125 0.59375 0.41015625 0.150390625
1 0.4794921875 0.4970703125 0.21875 0.08203125
1 0.423828125 0.8466796875 0.294921875 0.1875
1 0.6064453125 0.8818359375 0.3203125 0.130859375
1 0.1728515625 0.35546875 0.18359375 0.146484375
1 0.3017578125 0.25390625 0.19140625 0.130859375
1 0.4248046875 0.3955078125 0.109375 0.140625
1 0.5849609375 0.3232421875 0.32421875 0.16015625
1 0.4443359375 0.146484375 0.169921875 0.21875
1 0.6796875 0.1845703125 0.34375 0.2578125