8 0.857421875 0.3154296875 0.203125 0.150390625
8 0.84765625 0.7939453125 0.146484375 0.18359375
8 0.2119140625 0.4140625 0.2265625 0.140625
8 0.548828125 0.578125 0.125 0.12890625
8 0.4931640625 0.0712890625 0.1640625 0.13671875
8 0.8076171875 0.103515625 0.1484375 0.08984375
8 0.81640625 0.212890625 0.12109375 0.091796875
8 0.7763671875 0.5986328125 0.138671875 0.08984375
8 0.5244140625 0.7783203125 0.21484375 0.33984375
8 0.373046875 0.8037109375 0.197265625 0.27734375
8 0.3798828125 0.4345703125 0.21484375 0.220703125
8 0.1767578125 0.6884765625 0.353515625 0.283203125