6 0.8466796875 0.3251953125 0.3046875 0.19140625
6 0.5947265625 0.134765625 0.240234375 0.203125
6 0.2333984375 0.19921875 0.322265625 0.166015625
6 0.3173828125 0.37890625 0.2890625 0.177734375
6 0.482421875 0.5068359375 0.33203125 0.13671875
6 0.7431640625 0.6142578125 0.2578125 0.22265625
6 0.142578125 0.54296875 0.28515625 0.33203125
6 0.072265625 0.78515625 0.10546875 0.0625
6 0.1943359375 0.921875 0.255859375 0.15625
6 0.6318359375 0.94140625 0.4765625 0.1171875
6 0.63671875 0.3115234375 0.12109375 0.08203125
6 0.4365234375 0.12890625 0.23828125 0.140625