6 0.5146484375 0.326171875 0.18359375 0.19140625
6 0.287109375 0.2294921875 0.25390625 0.17578125
6 0.2666015625 0.5458984375 0.20703125 0.25390625
6 0.1376953125 0.888671875 0.220703125 0.19921875
6 0.7724609375 0.52734375 0.13671875 0.16796875
6 0.68359375 0.5791015625 0.09765625 0.19921875
6 0.4091796875 0.13671875 0.18359375 0.20703125
6 0.53125 0.6435546875 0.1796875 0.400390625
6 0.0908203125 0.517578125 0.16796875 0.267578125
6 0.080078125 0.2177734375 0.16015625 0.1328125
6 0.3974609375 0.0419921875 0.115234375 0.083984375