1 0.62890625 0.380859375 0.1953125 0.3203125
1 0.8154296875 0.2314453125 0.267578125 0.15234375
1 0.73046875 0.1396484375 0.185546875 0.091796875
1 0.599609375 0.1806640625 0.13671875 0.12109375
1 0.431640625 0.28125 0.10546875 0.13671875
1 0.4150390625 0.408203125 0.07421875 0.15234375
1 0.283203125 0.431640625 0.1953125 0.240234375
1 0.29296875 0.1884765625 0.21484375 0.27734375
1 0.2939453125 0.900390625 0.15625 0.09375
1 0.20703125 0.837890625 0.10546875 0.126953125
1 0.228515625 0.7119140625 0.205078125 0.2421875
1 0.45703125 0.80078125 0.328125 0.173828125
1 0.673828125 0.7265625 0.0859375 0.14453125
1 0.693359375 0.5908203125 0.1328125 0.15625
1 0.814453125 0.5615234375 0.173828125 0.2421875
1 0.830078125 0.8017578125 0.232421875 0.248046875