8 0.486328125 0.42578125 0.10546875 0.15625
8 0.6533203125 0.4775390625 0.103515625 0.0390625
8 0.5009765625 0.259765625 0.078125 0.052734375
8 0.568359375 0.3056640625 0.083984375 0.04296875
8 0.4609375 0.2744140625 0.0625 0.08203125
8 0.349609375 0.3330078125 0.078125 0.0703125
8 0.3935546875 0.427734375 0.078125 0.1484375
8 0.58203125 0.1357421875 0.09375 0.109375
8 0.623046875 0.203125 0.076171875 0.02734375
8 0.5947265625 0.40625 0.126953125 0.044921875
8 0.65234375 0.3740234375 0.095703125 0.04296875
8 0.6171875 0.5537109375 0.138671875 0.087890625
8 0.740234375 0.341796875 0.05859375 0.05078125
8 0.7646484375 0.5009765625 0.087890625 0.0859375
8 0.791015625 0.4130859375 0.125 0.0546875
8 0.681640625 0.4501953125 0.05078125 0.029296875
8 0.7421875 0.4462890625 0.046875 0.0234375
8 0.892578125 0.4931640625 0.078125 0.04296875
8 0.818359375 0.5654296875 0.095703125 0.1875
8 0.736328125 0.642578125 0.16015625 0.1953125
8 0.8486328125 0.6689453125 0.1875 0.171875
8 0.7646484375 0.5390625 0.05859375 0.03125
8 0.771484375 0.294921875 0.078125 0.09765625