1 0.80078125 0.1962890625 0.15234375 0.3203125
1 0.357421875 0.1572265625 0.228515625 0.232421875
1 0.546875 0.2744140625 0.13671875 0.0859375
1 0.5869140625 0.4091796875 0.1171875 0.0703125
1 0.3857421875 0.3232421875 0.138671875 0.06640625
1 0.404296875 0.474609375 0.0546875 0.08984375
1 0.73828125 0.4638671875 0.078125 0.0859375
1 0.87109375 0.6494140625 0.16796875 0.27734375
1 0.765625 0.6103515625 0.06640625 0.091796875
1 0.5400390625 0.5673828125 0.11328125 0.09375
1 0.55078125 0.7734375 0.2734375 0.30859375
1 0.1982421875 0.5556640625 0.224609375 0.35546875
1 0.3046875 0.71875 0.078125 0.11328125
1 0.1845703125 0.8037109375 0.13671875 0.1015625
1 0.318359375 0.9091796875 0.0625 0.1015625