8 0.42578125 0.513671875 0.15625 0.10546875
8 0.4775390625 0.3466796875 0.0390625 0.103515625
8 0.259765625 0.4990234375 0.052734375 0.078125
8 0.3056640625 0.431640625 0.04296875 0.083984375
8 0.2744140625 0.5390625 0.08203125 0.0625
8 0.3330078125 0.650390625 0.0703125 0.078125
8 0.427734375 0.6064453125 0.1484375 0.078125
8 0.1357421875 0.41796875 0.109375 0.09375
8 0.203125 0.376953125 0.02734375 0.076171875
8 0.40625 0.4052734375 0.044921875 0.126953125
8 0.3740234375 0.34765625 0.04296875 0.095703125
8 0.5537109375 0.3828125 0.087890625 0.138671875
8 0.341796875 0.259765625 0.05078125 0.05859375
8 0.5009765625 0.2353515625 0.0859375 0.087890625
8 0.4130859375 0.208984375 0.0546875 0.125
8 0.4501953125 0.318359375 0.029296875 0.05078125
8 0.4462890625 0.2578125 0.0234375 0.046875
8 0.4931640625 0.107421875 0.04296875 0.078125
8 0.5654296875 0.181640625 0.1875 0.095703125
8 0.642578125 0.263671875 0.1953125 0.16015625
8 0.6689453125 0.1513671875 0.171875 0.1875
8 0.5390625 0.2353515625 0.03125 0.05859375
8 0.294921875 0.228515625 0.09765625 0.078125