5 0.0986328125 0.48046875 0.197265625 0.20703125
1 0.8212890625 0.482421875 0.20703125 0.083984375
5 0.7802734375 0.890625 0.267578125 0.20703125
5 0.537109375 0.8525390625 0.25390625 0.1484375
5 0.1943359375 0.6962890625 0.25390625 0.169921875
5 0.251953125 0.212890625 0.23828125 0.328125
1 0.150390625 0.291015625 0.09375 0.103515625
5 0.79296875 0.1298828125 0.12890625 0.171875
5 0.724609375 0.3203125 0.19921875 0.19140625
1 0.587890625 0.4814453125 0.24609375 0.091796875
5 0.56640625 0.6728515625 0.275390625 0.1171875
5 0.31640625 0.75390625 0.275390625 0.15234375
5 0.3818359375 0.5556640625 0.2265625 0.251953125
5 0.5478515625 0.294921875 0.232421875 0.267578125