1 0.3251953125 0.302734375 0.24609375 0.08203125
1 0.3828125 0.369140625 0.13671875 0.078125
1 0.6103515625 0.23828125 0.17578125 0.130859375
1 0.4677734375 0.126953125 0.166015625 0.22265625
1 0.6982421875 0.314453125 0.16015625 0.146484375
1 0.564453125 0.4677734375 0.080078125 0.130859375
1 0.3935546875 0.6376953125 0.265625 0.1640625
1 0.58984375 0.6318359375 0.099609375 0.19140625
1 0.4775390625 0.8818359375 0.146484375 0.205078125
1 0.36328125 0.78125 0.25390625 0.1171875
1 0.638671875 0.7333984375 0.22265625 0.0546875
1 0.63671875 0.6552734375 0.20703125 0.078125
1 0.12109375 0.576171875 0.091796875 0.1328125
1 0.123046875 0.4541015625 0.0859375 0.07421875
1 0.06640625 0.53125 0.095703125 0.06640625