8 0.236328125 0.1728515625 0.228515625 0.21484375
8 0.2646484375 0.4482421875 0.25390625 0.16796875
8 0.4599609375 0.587890625 0.1015625 0.177734375
8 0.310546875 0.7919921875 0.21875 0.1640625
8 0.826171875 0.4150390625 0.1171875 0.15625
8 0.4306640625 0.240234375 0.1796875 0.15234375
8 0.529296875 0.3935546875 0.091796875 0.078125
8 0.66796875 0.4248046875 0.140625 0.09375
8 0.7158203125 0.5615234375 0.08984375 0.09375
8 0.6220703125 0.802734375 0.1484375 0.08984375
8 0.4423828125 0.8544921875 0.154296875 0.291015625
8 0.634765625 0.490234375 0.142578125 0.10546875
8 0.6416015625 0.662109375 0.14453125 0.0703125
8 0.9365234375 0.7529296875 0.126953125 0.232421875
8 0.9541015625 0.4794921875 0.091796875 0.173828125
8 0.810546875 0.556640625 0.10546875 0.056640625
8 0.134765625 0.68359375 0.1015625 0.15234375
8 0.4404296875 0.4912109375 0.13671875 0.07421875
8 0.912109375 0.61328125 0.1484375 0.09765625