8 0.7763671875 0.6357421875 0.21484375 0.25
8 0.408203125 0.6767578125 0.228515625 0.15234375
8 0.880859375 0.2470703125 0.23828125 0.19140625
8 0.857421875 0.3828125 0.14453125 0.080078125
8 0.7138671875 0.08984375 0.216796875 0.1796875
8 0.49609375 0.5859375 0.232421875 0.166015625
8 0.880859375 0.5966796875 0.09375 0.12890625
8 0.6171875 0.4619140625 0.13671875 0.15625
8 0.4775390625 0.3134765625 0.18359375 0.107421875
8 0.4677734375 0.451171875 0.203125 0.1484375
8 0.185546875 0.283203125 0.12109375 0.20703125
8 0.2890625 0.28515625 0.07421875 0.146484375
8 0.3603515625 0.1884765625 0.11328125 0.166015625
8 0.9658203125 0.4365234375 0.068359375 0.25
8 0.9521484375 0.6572265625 0.095703125 0.166015625
8 0.4794921875 0.2001953125 0.16015625 0.140625
8 0.2744140625 0.8193359375 0.107421875 0.07421875
8 0.3154296875 0.78125 0.09375 0.1171875
8 0.65234375 0.91796875 0.1171875 0.1640625
8 0.6669921875 0.216796875 0.08984375 0.083984375
8 0.3974609375 0.3740234375 0.115234375 0.07421875