6 0.3251953125 0.1533203125 0.19140625 0.3046875
6 0.134765625 0.4052734375 0.203125 0.23828125
6 0.19921875 0.7666015625 0.166015625 0.322265625
6 0.37890625 0.6826171875 0.177734375 0.2890625
6 0.5068359375 0.517578125 0.13671875 0.33203125
6 0.6142578125 0.2568359375 0.22265625 0.2578125
6 0.54296875 0.857421875 0.33203125 0.28515625
6 0.78515625 0.927734375 0.0625 0.10546875
6 0.921875 0.8056640625 0.15625 0.255859375
6 0.94140625 0.3681640625 0.1171875 0.4765625
6 0.3115234375 0.36328125 0.08203125 0.12109375
6 0.12890625 0.5634765625 0.140625 0.23828125