8 0.5048828125 0.763671875 0.18359375 0.08203125
8 0.66796875 0.4140625 0.12890625 0.1015625
8 0.62109375 0.3662109375 0.0859375 0.14453125
8 0.3701171875 0.3486328125 0.109375 0.103515625
8 0.3896484375 0.2666015625 0.150390625 0.13671875
8 0.4912109375 0.423828125 0.15234375 0.14453125
8 0.267578125 0.4599609375 0.1484375 0.109375
8 0.2333984375 0.619140625 0.19140625 0.115234375
8 0.1865234375 0.109375 0.19921875 0.14453125
8 0.6796875 0.3017578125 0.1171875 0.087890625
8 0.6435546875 0.7080078125 0.09375 0.0625
8 0.619140625 0.6240234375 0.119140625 0.11328125