8 0.5009765625 0.6044921875 0.18359375 0.125
8 0.5634765625 0.408203125 0.044921875 0.12109375
8 0.3056640625 0.5859375 0.0625 0.09375
8 0.359375 0.5068359375 0.048828125 0.09765625
8 0.3232421875 0.6337890625 0.09765625 0.072265625
8 0.392578125 0.7646484375 0.08203125 0.091796875
8 0.50390625 0.712890625 0.173828125 0.09375
8 0.16015625 0.4912109375 0.12890625 0.109375
8 0.240234375 0.4443359375 0.033203125 0.08984375
8 0.4794921875 0.4765625 0.052734375 0.1484375
8 0.4404296875 0.4091796875 0.05078125 0.11328125
8 0.65234375 0.44921875 0.103515625 0.1640625
8 0.404296875 0.3046875 0.060546875 0.068359375
8 0.58984375 0.2763671875 0.1015625 0.103515625
8 0.486328125 0.244140625 0.0625 0.14453125
8 0.53125 0.3740234375 0.03515625 0.060546875
8 0.5263671875 0.302734375 0.02734375 0.056640625
8 0.58203125 0.125 0.05078125 0.09375
8 0.666015625 0.212890625 0.220703125 0.111328125
8 0.755859375 0.3095703125 0.23046875 0.1875
8 0.787109375 0.177734375 0.203125 0.21875
8 0.634765625 0.2763671875 0.0390625 0.068359375
8 0.34765625 0.267578125 0.1171875 0.091796875