8 0.142578125 0.6845703125 0.203125 0.150390625
8 0.15234375 0.2060546875 0.146484375 0.18359375
8 0.7880859375 0.5859375 0.2265625 0.140625
8 0.451171875 0.421875 0.125 0.12890625
8 0.5068359375 0.9287109375 0.1640625 0.13671875
8 0.1923828125 0.896484375 0.1484375 0.08984375
8 0.18359375 0.787109375 0.12109375 0.091796875
8 0.2236328125 0.4013671875 0.138671875 0.08984375
8 0.4755859375 0.2216796875 0.21484375 0.33984375
8 0.626953125 0.1962890625 0.197265625 0.27734375
8 0.6201171875 0.5654296875 0.21484375 0.220703125
8 0.8232421875 0.3115234375 0.353515625 0.28125