8 0.8017578125 0.5478515625 0.27734375 0.10546875
8 0.5927734375 0.482421875 0.09375 0.126953125
8 0.115234375 0.70703125 0.12890625 0.15234375
8 0.6484375 0.80078125 0.15625 0.064453125
8 0.8076171875 0.376953125 0.20703125 0.16796875
8 0.5859375 0.6201171875 0.11328125 0.11328125
8 0.390625 0.78515625 0.1484375 0.080078125
8 0.05078125 0.4892578125 0.1015625 0.16015625
8 0.1220703125 0.2275390625 0.1171875 0.05078125
8 0.1220703125 0.126953125 0.1328125 0.12109375
8 0.3486328125 0.1123046875 0.326171875 0.20703125
8 0.2978515625 0.640625 0.095703125 0.11328125
8 0.875 0.6875 0.234375 0.19921875
8 0.8916015625 0.14453125 0.21484375 0.1015625
8 0.6630859375 0.400390625 0.171875 0.12890625
8 0.474609375 0.146484375 0.09765625 0.08203125
8 0.4453125 0.9208984375 0.1796875 0.158203125
8 0.806640625 0.869140625 0.1328125 0.091796875
8 0.9248046875 0.9599609375 0.150390625 0.078125
8 0.6181640625 0.927734375 0.126953125 0.09375
8 0.263671875 0.28125 0.1484375 0.0859375
8 0.8583984375 0.041015625 0.1953125 0.08203125