8 0.1279296875 0.775390625 0.18359375 0.17578125
8 0.6708984375 0.6689453125 0.080078125 0.0625
8 0.6318359375 0.6357421875 0.080078125 0.08984375
8 0.8349609375 0.626953125 0.1484375 0.306640625
8 0.353515625 0.126953125 0.630859375 0.25390625
8 0.4912109375 0.2744140625 0.232421875 0.19921875
8 0.5478515625 0.4931640625 0.150390625 0.09375
8 0.5927734375 0.40625 0.16015625 0.11328125
8 0.33203125 0.49609375 0.228515625 0.1484375
8 0.3701171875 0.732421875 0.1171875 0.19140625
8 0.279296875 0.85546875 0.142578125 0.2890625
8 0.19140625 0.65625 0.216796875 0.1640625
8 0.05078125 0.2763671875 0.1015625 0.169921875
8 0.177734375 0.2587890625 0.109375 0.08203125
8 0.3984375 0.6005859375 0.068359375 0.078125
8 0.4482421875 0.626953125 0.07421875 0.06640625
8 0.48046875 0.408203125 0.125 0.15625
8 0.8671875 0.4599609375 0.08984375 0.1015625
8 0.775390625 0.443359375 0.11328125 0.087890625
8 0.90234375 0.37890625 0.09375 0.1015625
8 0.9423828125 0.5263671875 0.115234375 0.201171875
8 0.8056640625 0.1943359375 0.193359375 0.3828125
8 0.7626953125 0.556640625 0.056640625 0.09375
8 0.71484375 0.5361328125 0.083984375 0.083984375
8 0.6611328125 0.451171875 0.109375 0.09765625
8 0.4873046875 0.7060546875 0.1171875 0.0625
8 0.529296875 0.6298828125 0.09765625 0.04296875
8 0.4482421875 0.5380859375 0.08203125 0.08203125