8 0.4990234375 0.3955078125 0.18359375 0.125
8 0.4365234375 0.591796875 0.044921875 0.12109375
8 0.6943359375 0.4140625 0.0625 0.09375
8 0.640625 0.4931640625 0.048828125 0.09765625
8 0.6767578125 0.3662109375 0.09765625 0.072265625
8 0.607421875 0.2353515625 0.08203125 0.091796875
8 0.49609375 0.287109375 0.173828125 0.09375
8 0.83984375 0.5087890625 0.12890625 0.109375
8 0.759765625 0.5556640625 0.033203125 0.08984375
8 0.5205078125 0.5234375 0.052734375 0.1484375
8 0.5595703125 0.5908203125 0.05078125 0.11328125
8 0.34765625 0.55078125 0.103515625 0.1640625
8 0.595703125 0.6953125 0.060546875 0.068359375
8 0.41015625 0.7236328125 0.1015625 0.103515625
8 0.513671875 0.755859375 0.0625 0.14453125
8 0.46875 0.6259765625 0.03515625 0.060546875
8 0.4736328125 0.697265625 0.02734375 0.056640625
8 0.41796875 0.875 0.05078125 0.09375
8 0.333984375 0.787109375 0.220703125 0.111328125
8 0.244140625 0.6904296875 0.23046875 0.1875
8 0.212890625 0.822265625 0.203125 0.21875
8 0.365234375 0.7236328125 0.0390625 0.068359375
8 0.65234375 0.732421875 0.1171875 0.091796875