1 0.302734375 0.6748046875 0.08203125 0.24609375
1 0.369140625 0.6171875 0.078125 0.13671875
1 0.23828125 0.3896484375 0.130859375 0.17578125
1 0.126953125 0.5322265625 0.22265625 0.166015625
1 0.314453125 0.3017578125 0.146484375 0.16015625
1 0.4677734375 0.435546875 0.130859375 0.080078125
1 0.6376953125 0.6064453125 0.1640625 0.265625
1 0.6318359375 0.41015625 0.19140625 0.099609375
1 0.8818359375 0.5224609375 0.205078125 0.146484375
1 0.78125 0.63671875 0.1171875 0.25390625
1 0.7333984375 0.361328125 0.0546875 0.22265625
1 0.6552734375 0.36328125 0.078125 0.20703125
1 0.576171875 0.87890625 0.1328125 0.091796875
1 0.4541015625 0.876953125 0.07421875 0.0859375
1 0.53125 0.93359375 0.06640625 0.095703125