8 0.83203125 0.6455078125 0.18359375 0.154296875
8 0.6396484375 0.275390625 0.05078125 0.04296875
8 0.3486328125 0.435546875 0.140625 0.10546875
8 0.412109375 0.7666015625 0.146484375 0.234375
8 0.2373046875 0.615234375 0.16015625 0.17578125
8 0.1513671875 0.4482421875 0.1484375 0.083984375
8 0.48046875 0.5517578125 0.099609375 0.11328125
8 0.7578125 0.3486328125 0.07421875 0.09375
8 0.6318359375 0.3515625 0.05078125 0.0859375
8 0.6005859375 0.6328125 0.0625 0.046875
8 0.6865234375 0.7109375 0.099609375 0.087890625
8 0.52734375 0.85546875 0.109375 0.1328125
8 0.861328125 0.37109375 0.16015625 0.19140625
8 0.107421875 0.724609375 0.1328125 0.06640625