8 0.16796875 0.3544921875 0.18359375 0.154296875
8 0.3603515625 0.724609375 0.05078125 0.04296875
8 0.6513671875 0.564453125 0.140625 0.10546875
8 0.587890625 0.2333984375 0.146484375 0.234375
8 0.7626953125 0.384765625 0.16015625 0.17578125
8 0.8486328125 0.5517578125 0.1484375 0.083984375
8 0.51953125 0.4482421875 0.099609375 0.11328125
8 0.2421875 0.6513671875 0.07421875 0.09375
8 0.3681640625 0.6484375 0.05078125 0.0859375
8 0.3994140625 0.3671875 0.0625 0.046875
8 0.3134765625 0.2890625 0.099609375 0.087890625
8 0.47265625 0.14453125 0.109375 0.1328125
8 0.138671875 0.62890625 0.16015625 0.19140625
8 0.892578125 0.275390625 0.1328125 0.06640625