8 0.4130859375 0.171875 0.19140625 0.17578125
8 0.3447265625 0.3955078125 0.201171875 0.140625
8 0.138671875 0.6005859375 0.19921875 0.1796875
8 0.2978515625 0.6298828125 0.19921875 0.13671875
8 0.396484375 0.833984375 0.142578125 0.173828125
8 0.56640625 0.6484375 0.30078125 0.17578125
8 0.51171875 0.2802734375 0.16015625 0.091796875
8 0.6220703125 0.9384765625 0.30078125 0.123046875
8 0.8955078125 0.458984375 0.15234375 0.099609375
8 0.7861328125 0.3330078125 0.16015625 0.140625
8 0.11328125 0.1787109375 0.224609375 0.30859375
8 0.9140625 0.265625 0.119140625 0.244140625