8 0.5869140625 0.828125 0.19140625 0.17578125
8 0.6552734375 0.6044921875 0.201171875 0.140625
8 0.861328125 0.3994140625 0.19921875 0.1796875
8 0.7021484375 0.3701171875 0.19921875 0.13671875
8 0.603515625 0.166015625 0.142578125 0.173828125
8 0.43359375 0.3515625 0.30078125 0.17578125
8 0.48828125 0.7197265625 0.16015625 0.091796875
8 0.3779296875 0.0615234375 0.30078125 0.123046875
8 0.1044921875 0.541015625 0.15234375 0.099609375
8 0.2138671875 0.6669921875 0.16015625 0.140625
8 0.88671875 0.8212890625 0.224609375 0.30859375
8 0.0859375 0.734375 0.119140625 0.244140625