1 0.7255859375 0.369140625 0.2578125 0.21875
1 0.5712890625 0.5966796875 0.140625 0.265625
1 0.4150390625 0.6962890625 0.1796875 0.3125
1 0.5419921875 0.3154296875 0.115234375 0.25
1 0.478515625 0.388671875 0.08984375 0.13671875
1 0.1396484375 0.3203125 0.10546875 0.25390625
1 0.166015625 0.8076171875 0.138671875 0.205078125
1 0.306640625 0.6015625 0.07421875 0.134765625
1 0.078125 0.7099609375 0.07421875 0.173828125
1 0.2138671875 0.4375 0.1171875 0.078125
1 0.3662109375 0.2099609375 0.138671875 0.267578125
1 0.33203125 0.041015625 0.109375 0.08203125
1 0.44921875 0.0859375 0.12109375 0.095703125
1 0.0546875 0.0966796875 0.109375 0.08984375
1 0.072265625 0.2421875 0.138671875 0.212890625