1 0.9462890625 0.7587890625 0.107421875 0.3203125
1 0.6103515625 0.234375 0.326171875 0.349609375
1 0.6240234375 0.794921875 0.220703125 0.25
1 0.4140625 0.70703125 0.205078125 0.30078125
1 0.4140625 0.2763671875 0.2265625 0.349609375
1 0.244140625 0.3388671875 0.173828125 0.318359375
1 0.2021484375 0.6162109375 0.205078125 0.22265625
1 0.8583984375 0.3173828125 0.1484375 0.271484375
1 0.78515625 0.482421875 0.1171875 0.07421875
1 0.69140625 0.482421875 0.087890625 0.078125
1 0.724609375 0.6533203125 0.11328125 0.05859375
1 0.5869140625 0.6279296875 0.07421875 0.166015625
1 0.384765625 0.4453125 0.11328125 0.083984375