1 0.8349609375 0.162109375 0.158203125 0.32421875
1 0.2451171875 0.5576171875 0.28515625 0.103515625
1 0.642578125 0.181640625 0.193359375 0.36328125
1 0.7958984375 0.6015625 0.201171875 0.19140625
1 0.630859375 0.669921875 0.279296875 0.3359375
1 0.5205078125 0.3359375 0.18359375 0.28125
1 0.423828125 0.658203125 0.09375 0.23046875
1 0.6337890625 0.3603515625 0.091796875 0.146484375
1 0.810546875 0.38671875 0.08203125 0.11328125
1 0.6787109375 0.451171875 0.1171875 0.107421875
1 0.49609375 0.57421875 0.05859375 0.095703125