1 0.162109375 0.1650390625 0.32421875 0.158203125
1 0.5576171875 0.7548828125 0.103515625 0.28515625
1 0.181640625 0.357421875 0.36328125 0.19140625
1 0.6015625 0.2041015625 0.19140625 0.201171875
1 0.669921875 0.369140625 0.3359375 0.279296875
1 0.3359375 0.4794921875 0.28125 0.18359375
1 0.658203125 0.576171875 0.23046875 0.09375
1 0.3603515625 0.3662109375 0.146484375 0.091796875
1 0.38671875 0.189453125 0.11328125 0.08203125
1 0.451171875 0.3212890625 0.107421875 0.1171875
1 0.57421875 0.50390625 0.095703125 0.05859375