1 0.583984375 0.716796875 0.185546875 0.333984375
1 0.2685546875 0.17578125 0.353515625 0.28125
1 0.3515625 0.392578125 0.392578125 0.306640625
1 0.736328125 0.58984375 0.21484375 0.2421875
1 0.783203125 0.189453125 0.17578125 0.13671875
1 0.5791015625 0.1884765625 0.09765625 0.177734375
1 0.55859375 0.400390625 0.091796875 0.125
1 0.673828125 0.353515625 0.087890625 0.091796875
1 0.7294921875 0.4052734375 0.1796875 0.11328125
1 0.830078125 0.7783203125 0.330078125 0.2109375
1 0.8017578125 0.1455078125 0.068359375 0.138671875