1 0.154296875 0.50390625 0.30859375 0.20703125
1 0.3291015625 0.662109375 0.1640625 0.30078125
1 0.3662109375 0.310546875 0.126953125 0.26171875
1 0.958984375 0.8037109375 0.08203125 0.2734375
1 0.7333984375 0.83203125 0.16796875 0.1875
1 0.6376953125 0.271484375 0.24609375 0.3125
1 0.49609375 0.5732421875 0.05859375 0.12890625
1 0.4931640625 0.3896484375 0.076171875 0.15234375
1 0.71484375 0.6259765625 0.0703125 0.177734375
1 0.76953125 0.4130859375 0.1171875 0.15625
1 0.8671875 0.66796875 0.099609375 0.080078125