1 0.8603515625 0.2841796875 0.279296875 0.224609375
1 0.7392578125 0.53515625 0.25 0.25390625
1 0.44921875 0.70703125 0.232421875 0.3515625
1 0.5341796875 0.5478515625 0.09375 0.185546875
1 0.1806640625 0.69921875 0.35546875 0.314453125
1 0.271484375 0.2275390625 0.19140625 0.275390625
1 0.51171875 0.25390625 0.234375 0.3046875
1 0.693359375 0.263671875 0.17578125 0.224609375
1 0.115234375 0.3642578125 0.14453125 0.158203125
1 0.2255859375 0.5615234375 0.09375 0.162109375
1 0.576171875 0.3427734375 0.0859375 0.177734375
1 0.353515625 0.3681640625 0.087890625 0.1484375