1 0.2490234375 0.560546875 0.287109375 0.19921875
1 0.455078125 0.626953125 0.13671875 0.26953125
1 0.572265625 0.20703125 0.126953125 0.263671875
1 0.75390625 0.1796875 0.150390625 0.23828125
1 0.8818359375 0.283203125 0.107421875 0.16796875
1 0.48046875 0.3671875 0.078125 0.1171875
1 0.8203125 0.638671875 0.20703125 0.359375
1 0.6162109375 0.58203125 0.251953125 0.3046875
1 0.697265625 0.3017578125 0.083984375 0.13671875
1 0.5517578125 0.384765625 0.0625 0.0703125
1 0.720703125 0.8388671875 0.275390625 0.322265625