1 0.41796875 0.5341796875 0.21875 0.173828125
1 0.5107421875 0.3583984375 0.1171875 0.19140625
1 0.5888671875 0.560546875 0.119140625 0.1484375
1 0.787109375 0.138671875 0.181640625 0.26171875
1 0.8369140625 0.587890625 0.234375 0.28515625
1 0.701171875 0.591796875 0.14453125 0.232421875
1 0.6220703125 0.259765625 0.1015625 0.224609375
1 0.703125 0.3203125 0.10546875 0.16796875
1 0.5859375 0.388671875 0.06640625 0.099609375
1 0.84375 0.3251953125 0.05859375 0.119140625
1 0.767578125 0.2939453125 0.08984375 0.052734375