1 0.716796875 0.416015625 0.333984375 0.185546875
1 0.17578125 0.7314453125 0.28125 0.353515625
1 0.392578125 0.6484375 0.306640625 0.392578125
1 0.58984375 0.263671875 0.2421875 0.21484375
1 0.189453125 0.216796875 0.13671875 0.17578125
1 0.1884765625 0.4208984375 0.177734375 0.09765625
1 0.400390625 0.44140625 0.125 0.091796875
1 0.353515625 0.326171875 0.091796875 0.087890625
1 0.4052734375 0.2705078125 0.11328125 0.1796875
1 0.7783203125 0.169921875 0.2109375 0.330078125
1 0.1455078125 0.1982421875 0.138671875 0.068359375