1 0.7265625 0.150390625 0.16015625 0.29296875
1 0.7734375 0.72265625 0.12109375 0.2578125
1 0.4873046875 0.23046875 0.19140625 0.353515625
1 0.5107421875 0.798828125 0.23046875 0.275390625
1 0.2451171875 0.5009765625 0.203125 0.205078125
1 0.12109375 0.767578125 0.2421875 0.216796875
1 0.294921875 0.7734375 0.1328125 0.21875
1 0.6748046875 0.3818359375 0.103515625 0.076171875
1 0.646484375 0.478515625 0.06640625 0.09765625
1 0.5263671875 0.6103515625 0.078125 0.07421875
1 0.4150390625 0.4892578125 0.0859375 0.15625