1 0.8525390625 0.265625 0.294921875 0.32421875
1 0.669921875 0.6396484375 0.146484375 0.3046875
1 0.2607421875 0.2373046875 0.150390625 0.37890625
1 0.0859375 0.2509765625 0.171875 0.29296875
1 0.5380859375 0.8017578125 0.16796875 0.396484375
1 0.3798828125 0.65625 0.1015625 0.162109375
1 0.37109375 0.73046875 0.138671875 0.078125
1 0.24609375 0.49609375 0.052734375 0.109375
1 0.421875 0.419921875 0.0859375 0.2109375
1 0.587890625 0.44921875 0.09765625 0.05859375
1 0.3583984375 0.3974609375 0.11328125 0.08984375