1 0.18359375 0.5673828125 0.3671875 0.248046875
1 0.431640625 0.6962890625 0.1875 0.22265625
1 0.4755859375 0.41015625 0.146484375 0.314453125
1 0.57421875 0.728515625 0.25 0.232421875
1 0.6689453125 0.3505859375 0.16015625 0.421875
1 0.8515625 0.365234375 0.19140625 0.361328125
1 0.3994140625 0.505859375 0.056640625 0.12109375
1 0.57421875 0.515625 0.0703125 0.125
1 0.580078125 0.6552734375 0.052734375 0.1328125
1 0.81640625 0.642578125 0.0625 0.11328125
1 0.7880859375 0.5078125 0.0625 0.146484375