1 0.81640625 0.4326171875 0.3671875 0.248046875
1 0.568359375 0.3037109375 0.1875 0.22265625
1 0.5244140625 0.58984375 0.146484375 0.314453125
1 0.42578125 0.271484375 0.25 0.232421875
1 0.3310546875 0.6494140625 0.16015625 0.421875
1 0.1484375 0.634765625 0.19140625 0.361328125
1 0.6005859375 0.494140625 0.056640625 0.12109375
1 0.42578125 0.484375 0.0703125 0.125
1 0.419921875 0.3447265625 0.052734375 0.1328125
1 0.18359375 0.357421875 0.0625 0.11328125
1 0.2119140625 0.4921875 0.0625 0.146484375