1 0.2734375 0.849609375 0.16015625 0.29296875
1 0.2265625 0.27734375 0.12109375 0.2578125
1 0.5126953125 0.76953125 0.19140625 0.353515625
1 0.4892578125 0.201171875 0.23046875 0.275390625
1 0.7548828125 0.4990234375 0.203125 0.205078125
1 0.87890625 0.232421875 0.2421875 0.216796875
1 0.705078125 0.2265625 0.1328125 0.21875
1 0.3251953125 0.6181640625 0.103515625 0.076171875
1 0.353515625 0.521484375 0.06640625 0.09765625
1 0.4736328125 0.3896484375 0.078125 0.07421875
1 0.5849609375 0.5107421875 0.0859375 0.15625