1 0.58203125 0.4658203125 0.21875 0.173828125
1 0.4892578125 0.6416015625 0.1171875 0.19140625
1 0.4111328125 0.439453125 0.119140625 0.1484375
1 0.212890625 0.861328125 0.181640625 0.26171875
1 0.1630859375 0.412109375 0.234375 0.28515625
1 0.298828125 0.408203125 0.14453125 0.232421875
1 0.3779296875 0.740234375 0.1015625 0.224609375
1 0.296875 0.6796875 0.10546875 0.16796875
1 0.4140625 0.611328125 0.06640625 0.099609375
1 0.15625 0.6748046875 0.05859375 0.119140625
1 0.232421875 0.7060546875 0.08984375 0.052734375