1 0.845703125 0.49609375 0.30859375 0.20703125
1 0.6708984375 0.337890625 0.1640625 0.30078125
1 0.6337890625 0.689453125 0.126953125 0.26171875
1 0.041015625 0.1962890625 0.08203125 0.2734375
1 0.2666015625 0.16796875 0.16796875 0.1875
1 0.3623046875 0.728515625 0.24609375 0.3125
1 0.50390625 0.4267578125 0.05859375 0.12890625
1 0.5068359375 0.6103515625 0.076171875 0.15234375
1 0.28515625 0.3740234375 0.0703125 0.177734375
1 0.23046875 0.5869140625 0.1171875 0.15625
1 0.1328125 0.33203125 0.099609375 0.080078125