1 0.5771484375 0.318359375 0.1640625 0.224609375
1 0.578125 0.619140625 0.138671875 0.328125
1 0.408203125 0.234375 0.181640625 0.28125
1 0.8037109375 0.5224609375 0.212890625 0.375
1 0.2177734375 0.73046875 0.16015625 0.353515625
1 0.0703125 0.2783203125 0.11328125 0.1484375
1 0.083984375 0.587890625 0.0859375 0.13671875
1 0.1328125 0.494140625 0.0859375 0.05859375
1 0.1953125 0.4765625 0.11328125 0.125
1 0.6787109375 0.48046875 0.076171875 0.1171875
1 0.658203125 0.3564453125 0.072265625 0.109375
1 0.412109375 0.3916015625 0.083984375 0.1015625