4 0.630859375 0.6982421875 0.15625 0.349609375
4 0.46484375 0.732421875 0.140625 0.47265625
4 0.5302734375 0.4541015625 0.142578125 0.296875
4 0.2900390625 0.6767578125 0.150390625 0.388671875
4 0.3125 0.0888671875 0.20703125 0.17578125
4 0.08984375 0.427734375 0.177734375 0.447265625
4 0.640625 0.41796875 0.109375 0.29296875
4 0.3642578125 0.48828125 0.19921875 0.39453125
4 0.7802734375 0.455078125 0.1953125 0.361328125
4 0.1494140625 0.072265625 0.07421875 0.14453125
4 0.447265625 0.1123046875 0.07421875 0.130859375