4 0.2724609375 0.80859375 0.33984375 0.248046875
4 0.396484375 0.1875 0.19921875 0.271484375
4 0.443359375 0.4658203125 0.1640625 0.14453125
4 0.76953125 0.0849609375 0.236328125 0.169921875
4 0.91796875 0.572265625 0.1640625 0.171875
4 0.6435546875 0.6865234375 0.166015625 0.125
4 0.228515625 0.49609375 0.15234375 0.13671875
4 0.07421875 0.41796875 0.1484375 0.08984375
4 0.6669921875 0.455078125 0.216796875 0.23828125
4 0.740234375 0.4111328125 0.1171875 0.12109375
4 0.8173828125 0.3271484375 0.11328125 0.10546875
4 0.8916015625 0.298828125 0.21484375 0.1640625
4 0.2802734375 0.3740234375 0.185546875 0.1953125
4 0.076171875 0.2314453125 0.15234375 0.1875