4 0.19140625 0.2724609375 0.248046875 0.33984375
4 0.8125 0.396484375 0.271484375 0.19921875
4 0.5341796875 0.443359375 0.14453125 0.1640625
4 0.9150390625 0.76953125 0.169921875 0.236328125
4 0.427734375 0.91796875 0.171875 0.1640625
4 0.3134765625 0.6435546875 0.125 0.166015625
4 0.50390625 0.228515625 0.13671875 0.15234375
4 0.58203125 0.07421875 0.08984375 0.1484375
4 0.544921875 0.6669921875 0.23828125 0.216796875
4 0.5888671875 0.740234375 0.12109375 0.1171875
4 0.6728515625 0.8173828125 0.10546875 0.11328125
4 0.701171875 0.8916015625 0.1640625 0.21484375
4 0.6259765625 0.2802734375 0.1953125 0.185546875
4 0.7685546875 0.076171875 0.1875 0.15234375