4 0.5302734375 0.1494140625 0.126953125 0.298828125
4 0.6396484375 0.107421875 0.103515625 0.21484375
4 0.3515625 0.3251953125 0.1953125 0.294921875
4 0.4580078125 0.6767578125 0.25390625 0.384765625
4 0.755859375 0.3857421875 0.14453125 0.224609375
4 0.0908203125 0.443359375 0.181640625 0.46484375
4 0.5537109375 0.365234375 0.10546875 0.16015625
4 0.818359375 0.138671875 0.09765625 0.177734375
4 0.060546875 0.13671875 0.080078125 0.171875
4 0.162109375 0.0830078125 0.15234375 0.166015625
4 0.95703125 0.1123046875 0.0859375 0.224609375
4 0.5751953125 0.5615234375 0.0859375 0.185546875
4 0.62890625 0.4462890625 0.1015625 0.267578125
4 0.376953125 0.0908203125 0.185546875 0.181640625