4 0.39453125 0.4248046875 0.234375 0.1875
4 0.865234375 0.5009765625 0.26953125 0.271484375
4 0.73046875 0.5693359375 0.15625 0.0859375
4 0.4814453125 0.80859375 0.166015625 0.091796875
4 0.7177734375 0.3193359375 0.265625 0.10546875
4 0.6689453125 0.1923828125 0.171875 0.1875
4 0.2197265625 0.390625 0.171875 0.19140625
4 0.560546875 0.5546875 0.20703125 0.1875
4 0.875 0.267578125 0.25 0.119140625
4 0.4833984375 0.3310546875 0.234375 0.119140625
4 0.7060546875 0.8720703125 0.17578125 0.115234375