4 0.369140625 0.3017578125 0.15625 0.349609375
4 0.53515625 0.267578125 0.140625 0.47265625
4 0.4697265625 0.5458984375 0.142578125 0.296875
4 0.7099609375 0.3232421875 0.150390625 0.388671875
4 0.6875 0.9111328125 0.20703125 0.177734375
4 0.91015625 0.572265625 0.177734375 0.447265625
4 0.359375 0.58203125 0.109375 0.29296875
4 0.6357421875 0.51171875 0.19921875 0.39453125
4 0.2197265625 0.544921875 0.1953125 0.361328125
4 0.8505859375 0.927734375 0.07421875 0.14453125
4 0.552734375 0.8876953125 0.07421875 0.130859375