4 0.806640625 0.8466796875 0.2421875 0.24609375
4 0.3564453125 0.083984375 0.16015625 0.14453125
4 0.5205078125 0.78515625 0.1953125 0.23828125
4 0.25390625 0.6611328125 0.19921875 0.17578125
4 0.6689453125 0.74609375 0.12890625 0.201171875
4 0.67578125 0.5537109375 0.1484375 0.236328125
4 0.55078125 0.5556640625 0.21484375 0.26171875
4 0.3798828125 0.568359375 0.076171875 0.20703125
4 0.1982421875 0.5263671875 0.1484375 0.203125
4 0.79296875 0.4326171875 0.265625 0.30859375
4 0.6162109375 0.22265625 0.18359375 0.4453125
4 0.4716796875 0.08984375 0.125 0.12890625
4 0.23046875 0.18359375 0.251953125 0.2578125