4 0.875 0.271484375 0.14453125 0.16015625
4 0.7861328125 0.1845703125 0.078125 0.140625
4 0.71484375 0.0625 0.12890625 0.125
4 0.6826171875 0.1953125 0.126953125 0.18359375
4 0.119140625 0.3515625 0.12109375 0.125
4 0.580078125 0.2861328125 0.0625 0.083984375
4 0.427734375 0.201171875 0.08203125 0.12890625
4 0.5849609375 0.39453125 0.06640625 0.076171875
4 0.7099609375 0.310546875 0.0859375 0.09765625
4 0.7568359375 0.4716796875 0.138671875 0.197265625
4 0.572265625 0.6142578125 0.1953125 0.189453125
4 0.6103515625 0.4921875 0.13671875 0.09375
4 0.40625 0.6796875 0.138671875 0.138671875
4 0.412109375 0.5654296875 0.158203125 0.125
4 0.5 0.8203125 0.13671875 0.140625
4 0.669921875 0.8681640625 0.083984375 0.1484375
4 0.560546875 0.857421875 0.09765625 0.109375
4 0.3427734375 0.865234375 0.1015625 0.123046875