4 0.78125 0.86328125 0.125 0.271484375
4 0.279296875 0.875 0.197265625 0.20703125
4 0.705078125 0.7724609375 0.072265625 0.080078125
4 0.6318359375 0.7529296875 0.091796875 0.087890625
4 0.537109375 0.7900390625 0.140625 0.15625
4 0.501953125 0.6318359375 0.119140625 0.12890625
4 0.7529296875 0.6083984375 0.125 0.16796875
4 0.80078125 0.482421875 0.16015625 0.134765625
4 0.59765625 0.4833984375 0.134765625 0.126953125
4 0.6201171875 0.626953125 0.10546875 0.142578125
4 0.689453125 0.3564453125 0.17578125 0.13671875
4 0.6953125 0.1015625 0.13671875 0.146484375
4 0.5263671875 0.2783203125 0.056640625 0.111328125