4 0.53515625 0.693359375 0.162109375 0.177734375
4 0.7890625 0.796875 0.13671875 0.15234375
4 0.7890625 0.923828125 0.16796875 0.103515625
4 0.33984375 0.599609375 0.20703125 0.236328125
4 0.4111328125 0.8046875 0.14453125 0.17578125
4 0.2236328125 0.47265625 0.28125 0.29296875
4 0.5068359375 0.3466796875 0.23046875 0.3125
4 0.68359375 0.431640625 0.1484375 0.134765625
4 0.873046875 0.111328125 0.25390625 0.185546875
4 0.7275390625 0.572265625 0.26953125 0.1171875
4 0.69140625 0.7060546875 0.203125 0.10546875