4 0.193359375 0.1533203125 0.2421875 0.24609375
4 0.6435546875 0.916015625 0.16015625 0.14453125
4 0.4794921875 0.21484375 0.1953125 0.23828125
4 0.74609375 0.3388671875 0.19921875 0.17578125
4 0.3310546875 0.25390625 0.12890625 0.201171875
4 0.32421875 0.4462890625 0.1484375 0.236328125
4 0.44921875 0.4443359375 0.21484375 0.26171875
4 0.6201171875 0.431640625 0.076171875 0.20703125
4 0.8017578125 0.4736328125 0.1484375 0.203125
4 0.20703125 0.5673828125 0.265625 0.30859375
4 0.3837890625 0.77734375 0.18359375 0.4453125
4 0.5283203125 0.91015625 0.125 0.12890625
4 0.76953125 0.81640625 0.251953125 0.2578125