4 0.3134765625 0.43359375 0.234375 0.21875
4 0.6142578125 0.4208984375 0.28515625 0.26953125
4 0.62890625 0.638671875 0.26953125 0.259765625
4 0.78125 0.740234375 0.15234375 0.169921875
4 0.2880859375 0.6982421875 0.171875 0.20703125
4 0.8916015625 0.298828125 0.13671875 0.18359375
4 0.86328125 0.6455078125 0.14453125 0.09765625
4 0.8076171875 0.5966796875 0.140625 0.083984375
4 0.767578125 0.935546875 0.126953125 0.07421875
4 0.17578125 0.0751953125 0.166015625 0.150390625
4 0.5048828125 0.2236328125 0.16015625 0.150390625
4 0.7822265625 0.177734375 0.15625 0.16015625