4 0.6865234375 0.56640625 0.234375 0.21875
4 0.3857421875 0.5791015625 0.28515625 0.26953125
4 0.37109375 0.361328125 0.26953125 0.259765625
4 0.21875 0.259765625 0.15234375 0.169921875
4 0.7119140625 0.3017578125 0.171875 0.20703125
4 0.1083984375 0.701171875 0.13671875 0.18359375
4 0.13671875 0.3544921875 0.14453125 0.09765625
4 0.1923828125 0.4033203125 0.140625 0.083984375
4 0.232421875 0.064453125 0.125 0.07421875
4 0.82421875 0.9248046875 0.166015625 0.150390625
4 0.4951171875 0.7763671875 0.16015625 0.150390625
4 0.2177734375 0.822265625 0.15625 0.16015625