4 0.15625 0.349609375 0.3125 0.3203125
4 0.4140625 0.724609375 0.169921875 0.18359375
4 0.7958984375 0.6015625 0.189453125 0.15234375
4 0.8154296875 0.4873046875 0.181640625 0.1328125
4 0.76171875 0.2734375 0.203125 0.171875
4 0.4912109375 0.1533203125 0.177734375 0.16015625
4 0.3154296875 0.2802734375 0.146484375 0.19140625
4 0.291015625 0.5810546875 0.142578125 0.09765625
4 0.6435546875 0.734375 0.1953125 0.1015625
4 0.7080078125 0.4296875 0.28125 0.17578125
4 0.4072265625 0.4287109375 0.171875 0.18359375