8 0.57421875 0.6787109375 0.0859375 0.0703125
8 0.5263671875 0.2314453125 0.046875 0.12890625
8 0.34765625 0.3955078125 0.12109375 0.072265625
8 0.3837890625 0.3134765625 0.09765625 0.0703125
8 0.599609375 0.765625 0.0703125 0.09765625
8 0.798828125 0.2919921875 0.09375 0.1640625
8 0.9443359375 0.41796875 0.07421875 0.14453125
8 0.5556640625 0.5244140625 0.154296875 0.09765625
8 0.09765625 0.404296875 0.07421875 0.201171875
8 0.7265625 0.775390625 0.08984375 0.0859375
8 0.0302734375 0.4501953125 0.05859375 0.15234375
8 0.728515625 0.3955078125 0.052734375 0.109375
8 0.732421875 0.5263671875 0.056640625 0.083984375
8 0.8134765625 0.5078125 0.0703125 0.12890625
8 0.8642578125 0.4248046875 0.056640625 0.0625
8 0.6591796875 0.3662109375 0.0625 0.11328125
8 0.7080078125 0.580078125 0.06640625 0.1015625
8 0.373046875 0.6376953125 0.05078125 0.1171875
8 0.6357421875 0.47265625 0.060546875 0.1171875
8 0.3623046875 0.7607421875 0.07421875 0.09765625