3 0.552734375 0.1982421875 0.09375 0.16015625
3 0.6689453125 0.369140625 0.15234375 0.16796875
3 0.7744140625 0.4716796875 0.2265625 0.189453125
3 0.2841796875 0.712890625 0.125 0.1875
3 0.28515625 0.5673828125 0.12109375 0.095703125
1 0.2451171875 0.265625 0.177734375 0.14453125
1 0.2783203125 0.1025390625 0.130859375 0.205078125
1 0.3837890625 0.1669921875 0.11328125 0.2109375
1 0.4169921875 0.634765625 0.123046875 0.25
1 0.447265625 0.302734375 0.11328125 0.125
1 0.552734375 0.3623046875 0.0859375 0.15625
1 0.5263671875 0.515625 0.06640625 0.1484375
1 0.09765625 0.767578125 0.09375 0.228515625
1 0.0869140625 0.9365234375 0.1328125 0.1015625
3 0.572265625 0.95703125 0.0859375 0.08203125
1 0.3408203125 0.390625 0.0859375 0.12890625
1 0.09765625 0.1240234375 0.09375 0.13671875
1 0.4423828125 0.9150390625 0.10546875 0.12890625
1 0.310546875 0.9169921875 0.1328125 0.166015625