3 0.1982421875 0.447265625 0.16015625 0.09375
3 0.369140625 0.3310546875 0.16796875 0.15234375
3 0.4716796875 0.2255859375 0.189453125 0.2265625
3 0.712890625 0.7158203125 0.1875 0.125
3 0.5673828125 0.71484375 0.095703125 0.12109375
1 0.265625 0.7548828125 0.14453125 0.177734375
1 0.1025390625 0.7216796875 0.205078125 0.130859375
1 0.1669921875 0.6162109375 0.2109375 0.11328125
1 0.634765625 0.5830078125 0.25 0.123046875
1 0.302734375 0.552734375 0.125 0.11328125
1 0.3623046875 0.447265625 0.15625 0.0859375
1 0.515625 0.4736328125 0.1484375 0.06640625
1 0.767578125 0.90234375 0.228515625 0.09375
1 0.9365234375 0.9130859375 0.1015625 0.1328125
3 0.95703125 0.427734375 0.08203125 0.0859375
1 0.390625 0.6591796875 0.12890625 0.0859375
1 0.1240234375 0.90234375 0.13671875 0.09375
1 0.9150390625 0.5576171875 0.12890625 0.10546875
1 0.9169921875 0.689453125 0.166015625 0.134765625